0.1473667291099483
0.1473667291099483
0.1473667291099483
0.1473667291099483
0.1473667291099483
0.1473667291099483
0.1473667291099483
0.1473667291099483
0.1473667291099483
0.1473667291099483
0.1473667291099483
0.1473667291099483
0.1473667291099483
0.1473667291099483
0.1473667291099483
0.1473667291099483
0.1473667291099483
0.1473667291099483
0.1473667291099483
0.1473667291099483
0.1473667291099483
0.1473667291099483
0.1473667291099483
0.1473667291099483
0.1473667291099483
0.1473667291099483
0.1473667291099483
0.1473667291099483
0.1473667291099483
0.1473667291099483
0.1473667291099483
0.1473667291099483
0.1473667291099483
0.1473667291099483
0.1473667291099483
0.1473667291099483
0.1473667291099483
0.1473667291099483
0.1473667291099483
0.1473667291099483
0.1473667291099483
0.1473667291099483
0.1473667291099483
0.1473667291099483
0.1473667291099483
0.1473667291099483
0.1473667291099483
0.1473667291099483
0.1473667291099483
0.1473667291099483