0.13767692258277897
0.13763022497561261
0.13763022497561261
0.13763022497561261
0.13763022497561261
0.13763022497561261
0.13763022497561261
0.13763022497561261
0.13763022497561261
0.13763022497561261
0.13763022497561261
0.13763022497561261
0.13763022497561261
0.13763022497561261
0.13763022497561261
0.13762583144478446
0.13762583144478446
0.13762583144478446
0.13762583144478446
0.13762583144478446
0.13762583144478446
0.13762583144478446
0.13762583144478446
0.13762583144478446
0.13762583144478446
0.13762583144478446
0.13762583144478446
0.13762583144478446
0.13762583144478446
0.13762583144478446
0.13762583144478446
0.13762583144478446
0.13762583144478446
0.13762583144478446
0.13762583144478446
0.13762583144478446
0.13762583144478446
0.13762583144478446
0.13762583144478446
0.13762583144478446
0.13762583144478446
0.13762583144478446
0.13762583144478446
0.13762583144478446
0.13762583144478446
0.13762583144478446
0.13762583144478446
0.13762583144478446
0.13762583144478446
0.13762583144478446
0.13762526339214454
0.13762526339214454
0.13762526339214454
0.13762526339214454
0.13762526339214454
0.13762526339214454
0.13762526339214454
0.13762526339214454
0.13762526339214454
0.13762526339214454
0.13762526339214454
0.13762526339214454
0.13762526339214454
0.13762526339214454
0.13762526339214454
0.13762526339214454
0.13762526339214454
0.13762526339214454
0.13762526339214454
0.13762526339214454
0.13762526339214454
0.13762526339214454
0.13762526339214454
0.13762526339214454
0.13762526339214454
0.13762526339214454
0.13762526339214454
0.13762526339214454
0.13762526339214454
0.13762526339214454
0.13762526339214454
0.13762526339214454
0.13762526339214454
0.13762526339214454
0.13762526339214454
0.13762526339214454
0.13762526339214454
0.13762526339214454
0.13762526339214454
0.13762526339214454
0.13762526339214454
0.13762526339214454
0.13762526339214454
0.13762526339214454
0.13762526339214454
0.13762526339214454
0.13762526339214454
0.13762526339214454
0.13762526339214454
0.13762526339214454