0.15491529722205233
0.15491529722205233
0.15491529722205233
0.15491529722205233
0.15491529722205233
0.15491529722205233
0.15491529722205233
0.15491529722205233
0.15491529722205233
0.15491529722205233
0.15491529722205233
0.15491529722205233
0.15491529722205233
0.15491529722205233
0.15491529722205233
0.15491529722205233
0.15491529722205233
0.15491529722205233
0.15491529722205233
0.15491529722205233
0.15491529722205233
0.15491529722205233
0.15491529722205233
0.15491529722205233
0.15491529722205233
0.15491529722205233
0.15491529722205233
0.15491529722205233
0.15491529722205233
0.15491529722205233
0.15491529722205233
0.15491529722205233
0.15491529722205233
0.15491529722205233
0.15491529722205233
0.15491529722205233
0.15491529722205233
0.15491529722205233
0.15491529722205233
0.15491529722205233
0.15491529722205233
0.15491529722205233
0.15491529722205233
0.15491529722205233
0.15491529722205233
0.15491529722205233
0.15491529722205233
0.15491529722205233
0.15491529722205233
0.15491529722205233