0.0;0.0 0.0 0.0 0.0 0.0 0.0 0.0 0.0 0.0
0.5;0.5 0.5 0.5 0.5 0.5 0.5 0.5 0.5 0.5 0.5 0.5 0.5 0.5 0.5 0.5 0.5 0.5 0.5 0.5 0.75 0.5 0.5
0.75;0.75 0.75 0.75 0.75 0.75 0.75 0.75 0.75 0.75 0.75 0.75 0.75 0.75 0.75 0.75 0.75 0.75
0.0;0.3125 0.0 0.0 0.0 0.0 0.0 0.0 0.0 0.0 0.0
0.5;0.5 0.5 0.5 0.5 0.625 0.625 0.625 0.5
1.0;1.0 1.0 1.0 1.0 1.0 1.0 1.0 1.0 0.5833333333333334 0.875 0.875 1.0 1.0 1.0 1.0 1.0 1.0 1.0 1.0 1.0 1.0 1.0 0.75 0.5 1.0
0.25;0.25 0.25 0.25 0.25 0.25 0.25 0.25 0.25 0.25 0.25 0.25
0.5;0.3333333333333333 0.5 0.5 0.5 0.5 0.5 0.5 0.5 0.5 0.5 0.5 0.5 0.5 0.5 0.5 0.5 0.5 0.5 0.5 0.75 0.5 0.5 0.5 0.5 0.5
0.5;0.5 0.5 0.5 0.5 0.5 0.5 0.5 0.5 0.5 0.5 0.5 0.5 0.5 0.5 0.5 0.5 0.5 0.5 0.5 0.5 0.5
0.75;0.75 0.75 0.75 0.75 0.75 0.75 0.75 0.75 0.75 0.75 0.75 0.75 0.75 0.75 0.75 0.75 0.75 0.75 0.75
0.75;0.65 0.5714285714285714 0.875 0.75 0.75 0.75 0.75 0.75 0.75 0.75 0.75 0.75 0.75 0.75 0.75 0.75 0.75 0.75 0.75
0.5;0.5 0.5 0.5 0.5 0.5 0.5 0.5 0.5 0.375 0.5 0.375 0.5 0.5 0.5
0.0;0.0 0.0 0.0 0.0 0.0 0.0 0.0 0.0 0.0 0.0 0.0 0.0 0.0 0.0 0.0 0.0 0.0 0.0 0.0 0.0
0.75;0.75 0.75 0.75 0.75 0.75 0.75 0.75 0.375
0.25;0.25 0.25 0.3333333333333333 0.3333333333333333 0.25 0.25 0.25 0.25 0.25 0.25 0.25 0.25 0.25 0.25
0.5;0.5 0.5 0.5 0.5 0.5 0.5 0.5 0.5 0.65 0.625 0.6 0.5 0.5 0.5 0.5 0.5 0.5 0.5 0.6666666666666666 0.5 0.5 0.5 0.5 0.5 0.625 0.5 0.5 0.5 0.5 0.5 0.5
1.0;1.0 1.0 1.0 1.0 1.0 1.0 1.0 1.0 1.0 1.0 0.875 1.0 1.0 1.0 1.0 1.0 1.0
0.25;0.25 0.25 0.25 0.25 0.25 0.25 0.25 0.25 0.25 0.25 0.25 0.25 0.25 0.25 0.25 0.25 0.25 0.25 0.25 0.25
0.5;0.5 0.5 0.5 0.5 0.5 0.5 0.5 0.5 0.5 0.5 0.5 0.5 0.5 0.5 0.25 0.5 0.5 0.5 0.5 0.5
0.75;0.75 0.75 0.75 0.75 0.75 0.75
0.0;0.0 0.0 0.0 0.0 0.0 0.0 0.0 0.0 0.0 0.0 0.0 0.0 0.0 0.0 0.0 0.0 0.0 0.0
0.75;0.4 0.75 0.75 0.75 0.75 0.75 0.75 0.75 0.75 0.75 0.75
0.75;0.75 0.75 0.75 0.75 0.75 0.75 0.375 0.75 0.75 0.75 0.75 0.75
0.5;0.375 0.5 0.5 0.5 0.5 0.5 0.5 0.5 0.5 0.5 0.5 0.5
0.25;0.5833333333333334 0.25 0.25 0.25 0.625 0.625 0.25 0.25
0.0;0.0 0.0 0.0 0.0 0.0
0.75;0.75 0.75 0.75 0.75 0.75 0.75 0.75 0.75 0.75 0.75 0.75 0.75
0.5;0.3333333333333333 0.5 0.5 0.5 0.5 0.5 0.5 0.5 0.5 0.5 0.5 0.5 0.5 0.5 0.5 0.5 0.5 0.5 0.5 0.5 0.5
0.0;0.0 0.0 0.0 0.0 0.0 0.0 0.0 0.0 0.0 0.0 0.0 0.0
0.75;0.75 0.75 0.75 0.75 0.75 0.75 0.75 0.75 0.75
1.0;0.75 1.0 1.0 1.0 1.0
0.25;0.25 0.25 0.25 0.25 0.25 0.25 0.25 0.5 0.25 0.25 0.25 0.25 0.5 0.25 0.25 0.25 0.25 0.25 0.25 0.25 0.25 0.25
0.0;0.0 0.08333333333333333 0.0 0.0 0.0 0.0 0.0 0.0 0.0 0.0 0.0 0.0 0.0 0.0 0.0 0.0 0.0 0.0 0.0 0.0 0.0 0.25 0.0 0.0 0.0 0.0 0.0 0.0 0.0 0.0
0.75;0.75 0.75 0.75 0.75 0.75 0.75 0.75 0.75 0.75 0.75 0.75 0.75 0.75 0.75
0.75;0.75 0.75 0.75 0.75 0.75 0.75 0.75 0.65 0.75
1.0;0.5 1.0 1.0 1.0 1.0 1.0 1.0 1.0 1.0 0.75 1.0 1.0 1.0 1.0
1.0;1.0 1.0 1.0 1.0 1.0 1.0 1.0 1.0 1.0 1.0 1.0 1.0 1.0 1.0 1.0 1.0 1.0
1.0;1.0 1.0 1.0 1.0 1.0 1.0 1.0 1.0 1.0 1.0 1.0 1.0 1.0 1.0 1.0 1.0 1.0 1.0 1.0 1.0 1.0 1.0 1.0 1.0 1.0 1.0 1.0 0.65 1.0 1.0 1.0
0.0;0.0 0.0 0.0 0.0 0.0 0.0 0.0 0.0 0.0 0.0 0.0 0.0 0.0 0.0 0.0 0.0 0.0 0.0
1.0;0.875 0.75 0.875 1.0 1.0 1.0 1.0 1.0 1.0 0.8333333333333334 1.0 1.0 1.0 1.0 1.0 1.0 1.0 1.0 1.0 0.8333333333333334
0.0;0.0 0.0 0.3333333333333333 0.0 0.0 0.0 0.0 0.0 0.0 0.0 0.0 0.0 0.0 0.0 0.0 0.0 0.0
0.5;0.5 0.5 0.5 0.5 0.5 0.5 0.5 0.5 0.5 0.5 0.5 0.5 0.5 0.5
0.0;0.0 0.0 0.0 0.0 0.25 0.0 0.0 0.0 0.0 0.0 0.0 0.0 0.0 0.0
0.0;0.0 0.0 0.0 0.0 0.0 0.0 0.0 0.0 0.0 0.5 0.0 0.0 0.0 0.0 0.0 0.0 0.0 0.0 0.0 0.0 0.0
0.0;0.5 0.0 0.0 0.0 0.0 0.0 0.0 0.0 0.0 0.0 0.0 0.0 0.0 0.0 0.0 0.0 0.0 0.0 0.0 0.0 0.0
0.5;0.5 0.5 0.5 0.5 0.5 0.5 0.5 0.5 0.5 0.5
0.0;0.0 0.0 0.0 0.0 0.0 0.0 0.0 0.0 0.0 0.0 0.0 0.0
0.0;0.25 0.0 0.0 0.0 0.0 0.0 0.0 0.0 0.0 0.0 0.0 0.0 0.0
0.0;0.0 0.0 0.0 0.0 0.0 0.0 0.0 0.0 0.0 0.0 0.0 0.0 0.0 0.0 0.0 0.0 0.0 0.0 0.0
1.0;1.0 1.0 1.0 1.0 1.0 1.0 1.0 1.0 1.0
0.25;0.25 0.25 0.25 0.25 0.25 0.25 0.25 0.25 0.25 0.25 0.25 0.25 0.25 0.25 0.25 0.25 0.25 0.25 0.25
0.25;0.25 0.25 0.25 0.25 0.25 0.25 0.5 0.25
0.0;0.0 0.0 0.0 0.0 0.0 0.0 0.0 0.0 0.0 0.0 0.0 0.0 0.0 0.0
1.0;1.0 1.0 1.0 1.0 1.0 1.0 1.0 0.5833333333333334 1.0 1.0 1.0 1.0 1.0 1.0 1.0 1.0 1.0 1.0 1.0 1.0 1.0 1.0 1.0 1.0 1.0 1.0 1.0 1.0 1.0
0.25;0.25 0.25 0.25 0.25 0.25 0.25 0.25 0.25 0.25 0.25 0.25 0.25 0.625 0.25 0.25 0.25
0.5;0.5 0.5 0.5 0.5 0.5 0.5 0.5 0.5 0.5 0.5
0.5;0.5 0.5 0.5 0.5 0.5 0.5 0.5 0.5 0.5 0.5 0.07142857142857142 0.5 0.5 0.5 0.5 0.5 0.5 0.5 0.5 0.5 0.5 0.5 0.5 0.5 0.5 0.5 0.5 0.6666666666666666 0.65 0.75
0.25;0.25 0.25 0.25 0.25 0.25 0.25 0.25 0.25 0.25 0.25 0.25 0.25 0.25 0.25 0.25 0.25 0.25 0.25 0.25 0.25 0.25 0.25
0.0;0.0 0.0 0.0 0.0 0.0 0.0 0.0
0.75;0.75 0.75 0.75 0.75 0.75 0.75 0.75 0.75 0.75 0.75 0.75 0.75 0.75 0.75 0.75 0.75 0.75 0.75
0.0;0.0 0.375 0.0 0.0 0.0 0.0 0.5 0.3125 0.0 0.0 0.0
0.75;0.75 0.75 0.625 0.625 0.75 0.75 0.75 0.75 0.75 0.75 0.75
1.0;1.0 1.0 1.0 1.0 1.0 1.0 1.0 1.0 1.0 1.0 1.0 0.3125 1.0 1.0 1.0 1.0 1.0 1.0
0.75;0.75 0.75 0.75 0.75 0.75 0.75 0.75 0.75 0.75 0.75 0.75 0.75 0.75 0.75 0.75
0.0;0.0 0.0 0.0 0.0 0.0 0.0
0.0;0.0 0.0 0.07142857142857142 0.0 0.0 0.0 0.0 0.0 0.0 0.0
1.0;1.0 1.0 1.0 1.0 1.0 1.0 1.0 1.0 1.0 1.0 1.0 1.0 1.0 1.0 1.0 1.0 1.0 1.0 1.0
0.0;0.0 0.0 0.0 0.0 0.0 0.0 0.0 0.0 0.0 0.0 0.0 0.0 0.0 0.0 0.0 0.0 0.0 0.0 0.0 0.0 0.0 0.0
0.25;0.25 0.25 0.25 0.25 0.25 0.25 0.25 0.125 0.25 0.25 0.25 0.25 0.25 0.25 0.25
0.25;0.25 0.25 0.25 0.25 0.25 0.25 0.5 0.25 0.25 0.25 0.25 0.25 0.25 0.25
1.0;1.0 1.0 1.0 1.0 1.0 1.0 1.0 1.0 1.0 1.0 1.0 1.0 1.0 1.0 1.0 1.0 1.0 1.0 1.0
0.25;0.25 0.25 0.25 0.25 0.25 0.25 0.25 0.25 0.25 0.25 0.25 0.25 0.25 0.25 0.25 0.25 0.25
0.75;0.75 0.75 0.625 0.75 0.75 0.75 0.75 0.75 0.75 0.75 0.75 0.75 0.75 0.75 0.75 0.75 0.75 0.75 0.75 0.75 0.75 0.75 0.75 0.75
0.75;0.75 0.75 0.75 0.75 0.75 0.75 0.75 0.75 0.75 0.75 0.75 0.75 0.75 0.75 0.75 0.625 0.75 0.75 0.5833333333333334
0.75;0.6666666666666666 0.625 0.5833333333333334 0.75 0.75 0.75 0.75 0.75 0.75 0.75 0.75 0.75 0.75 0.75
1.0;1.0 1.0 1.0 1.0 1.0 1.0 1.0 1.0 1.0 1.0 1.0 1.0 1.0 1.0 1.0 1.0 1.0 1.0
0.0;0.0 0.0 0.0 0.3333333333333333 0.0 0.0 0.0 0.0 0.0 0.0 0.0
0.25;0.25 0.5 0.25 0.25 0.25 0.25 0.25 0.25 0.25
0.0;0.0 0.0 0.0 0.0 0.0 0.0 0.0 0.0
0.5;0.5 0.5 0.5 0.5 0.5 0.5 0.5 0.5 0.5 0.5 0.5 0.5 0.5 0.5 0.5 0.5 0.5 0.5 0.5 0.5 0.5 0.5 0.5 0.5 0.5 0.5 0.5 0.5 0.5 0.5 0.6111111111111112
1.0;1.0 1.0 1.0 1.0 1.0 1.0 1.0 1.0 1.0 1.0 1.0 1.0
0.5;0.5 0.5 0.5 0.5 0.5 0.5 0.5 0.5 0.5 0.5
0.0;0.0 0.0 0.0 0.0 0.0 0.0 0.0 0.0 0.0 0.0 0.0 0.0 0.0
0.0;0.25 0.0 0.0 0.0 0.0 0.0 0.0 0.0 0.0 0.0 0.0 0.0 0.0 0.0 0.0 0.0 0.0
1.0;0.625 1.0 1.0 1.0 1.0 1.0 1.0 1.0 1.0
0.5;0.5 0.5 0.5 0.5 0.5 0.5 0.5 0.5 0.5
0.75;0.75 0.75 0.75 0.75 0.75 0.75 0.75 0.75 0.75 0.75 0.75 0.75 0.75 0.75 0.75
0.75;0.75 0.75 0.75 0.75 0.75 0.75 0.75 0.75 0.75 0.75 0.75 0.75 0.75 0.75 0.75 0.75 0.75 0.75 0.75 0.75 0.75
0.25;0.25 0.25 0.25 0.25 0.25 0.25 0.25 0.25 0.25
0.0;0.0 0.0 0.0 0.0 0.0 0.0 0.0 0.0 0.0 0.0 0.0 0.0 0.25
0.0;0.0 0.0 0.25 0.0 0.0 0.0 0.0 0.0 0.0
1.0;1.0 1.0 1.0
0.75;0.75 0.75 0.75 0.75 0.75 0.75 0.75
0.5;0.5 0.5 0.5 0.5 0.5 0.625 0.625 0.5 0.5 0.5 0.5 0.5 0.5 0.5 0.5 0.5 0.5 0.5 0.5
0.25;0.25 0.25 0.25 0.25 0.25 0.25 0.25 0.25 0.25 0.25 0.25 0.25 0.25 0.25 0.25 0.125 0.25 0.25 0.25 0.25 0.25
0.25;0.25 0.25 0.25 0.375 0.375
1.0;0.5 1.0 1.0 1.0 1.0 1.0 0.875 1.0 1.0 1.0 1.0 1.0
0.75;0.75 0.75 0.75 0.75 0.75 0.75 0.75 0.75 0.75 0.75 0.75 0.75 0.75 0.75 0.75 0.75 0.75 0.75 0.75 0.75 0.75 0.75 0.75 0.75 0.75 0.75 0.75
1.0;1.0 1.0 1.0 1.0 1.0 1.0 1.0 1.0 1.0 1.0 1.0 1.0 1.0 1.0 1.0 0.5
0.75;0.75 0.75 0.5 0.75 0.75 0.75 0.75 0.75 0.75 0.75 0.75 0.75 0.75 0.75 0.75 0.75 0.75 0.75 0.75 0.625 0.75 0.75 0.75 0.75 0.75 0.75 0.75 0.75 0.75 0.75 0.75 0.75 0.75
0.0;0.0 0.0 0.0 0.0 0.0 0.0 0.0 0.0 0.0 0.0 0.0 0.0 0.0 0.0 0.0 0.0 0.0 0.0 0.0 0.0 0.0 0.0 0.0
0.0;0.0 0.0 0.0 0.0 0.0 0.0 0.0 0.0 0.0 0.0 0.0 0.0 0.0 0.0 0.0 0.0 0.0 0.0 0.0
0.75;0.75 0.625 0.625 0.75 0.75 0.75 0.75 0.75 0.75 0.75 0.75 0.75 0.75 0.75 0.75 0.75
0.75;0.75 0.625 0.75 0.75 0.75 0.75 0.625 0.75 0.75 0.75 0.75 0.75 0.75 0.75 0.75 0.75 0.75 0.75 0.75 0.75 0.75 0.75 0.75 0.75 0.75 0.75 0.75 0.75 0.75 0.75
0.0;0.0 0.0 0.0 0.0 0.0 0.0 0.0 0.0 0.0 0.0 0.0 0.0 0.0 0.0 0.0 0.0 0.0 0.0 0.0 0.0 0.0 0.0 0.0 0.0 0.0 0.0 0.0 0.0 0.0 0.0 0.0 0.0
1.0;1.0 1.0 1.0 1.0 1.0 1.0 1.0 1.0
0.5;0.5 0.5 0.5 0.5 0.5 0.5 0.5 0.5 0.5 0.5 0.5 0.5 0.5 0.5 0.5 0.5 0.5 0.5 0.5 0.5 0.5 0.5
1.0;0.75 0.75 1.0 1.0 1.0 1.0 1.0 1.0 1.0 1.0
0.5;0.5 0.375 0.5 0.5 0.5 0.5 0.5 0.5 0.5 0.5 0.5 0.5 0.5 0.5 0.25 0.25 0.5
0.0;0.0 0.0 0.0 0.0 0.0 0.0 0.0 0.0 0.0 0.0 0.0 0.0 0.0 0.0 0.0 0.0
0.75;0.75 0.75 0.75 0.75 0.75 0.75 0.75 0.75 0.75 0.75 0.75 0.75 0.75 0.75 0.75 0.75 0.75
0.5;0.5 0.5 0.5 0.5 0.5 0.5 0.5 0.5 0.5 0.5 0.5 0.5 0.5 0.5 0.5 0.5 0.5 0.5 0.5 0.5 0.5 0.5 0.5 0.5 0.5 0.5
0.5;0.5 0.5 0.5 0.5 0.5 0.5 0.5 0.5 0.5 0.5 0.5 0.5 0.5 0.5 0.5 0.5 0.5 0.5 0.5
0.25;0.25 0.25 0.25 0.25 0.25 0.25 0.25 0.25
1.0;1.0 1.0 1.0 1.0 1.0 0.5 0.5 1.0 1.0
0.75;0.75 0.75 0.75 0.75 0.75 0.75 0.75 0.75 0.75 0.75 0.75 0.875
0.75;0.75 0.75 0.75 0.75 0.75 0.75 0.75 0.75 0.75 0.75 0.75 0.75 0.75 0.75 0.75 0.75 0.75
0.0;0.0 0.0 0.0 0.0 0.0 0.0 0.0 0.0 0.0 0.0 0.0 0.0 0.0 0.0 0.07142857142857142 0.0
0.0;0.0 0.0 0.0 0.0 0.0 0.0 0.0 0.0 0.0 0.0 0.0 0.0 0.0
0.0;0.5 0.5 0.0 0.0 0.0 0.0
0.75;0.75 0.75 0.75 0.75 0.75 0.75 0.75 0.75 0.75 0.75 0.75 0.75 0.75 0.75 0.75 0.75
0.75;0.75 0.75 0.75 0.75 0.75 0.75 0.75 0.75 0.75 0.75 0.75 0.75 0.75
1.0;1.0 1.0 1.0 1.0 1.0 1.0 1.0 1.0 1.0
0.75;0.75 0.75 0.75 0.75 0.6666666666666666 0.75 0.75 0.75 0.75 0.75 0.75
0.75;0.875 0.75 0.75 0.75 0.75 0.75 0.75 0.5 0.75 0.75 0.75 0.75 0.75 0.75 0.75 0.75 0.75 0.75
1.0;1.0 1.0 1.0 1.0 1.0 1.0 1.0 1.0 1.0 1.0 1.0 1.0 1.0 1.0 1.0 1.0 1.0 1.0 1.0 1.0 1.0
0.75;0.75 0.75 0.75 0.75 0.75 0.75 0.75 0.75 0.75 0.75 0.75 0.75 0.75 0.75 0.75 0.75 0.75 0.75
0.0;0.0 0.0 0.0 0.0 0.0 0.0 0.0 0.0 0.0
0.0;0.0 0.0 0.0 0.0 0.0 0.0 0.0 0.0 0.0 0.0 0.0 0.0 0.0
0.5;0.5 0.5 0.5 0.5 0.5 0.5 0.5 0.5 0.5 0.5 0.5 0.5 0.5 0.5 0.5 0.5 0.5
0.75;0.75 0.75 0.75
0.75;0.75 0.75 0.75 0.75 0.75 0.75 0.75 0.75 0.75 0.75 0.75 0.75 0.75 0.75 0.75 0.75 0.75
0.75;0.75 0.75 0.75 0.75 0.75 0.75 0.75 0.75 0.75 0.75 0.75 0.75 0.75 0.75 0.75
0.25;0.25 0.25 0.25 0.25 0.25 0.25 0.25 0.25 0.25 0.25 0.25 0.25 0.25 0.25 0.25
1.0;1.0 1.0 0.3333333333333333 1.0 1.0 1.0 1.0 0.5 1.0 1.0
0.0;0.0 0.0 0.0 0.0 0.0 0.0 0.0 0.0 0.0 0.0 0.0 0.0
1.0;1.0 1.0 1.0 1.0 1.0 1.0 1.0 1.0 1.0 1.0 1.0
0.0;0.0 0.0 0.0 0.0 0.0 0.0 0.0 0.0 0.0 0.0 0.0 0.0 0.0 0.0
0.25;0.25 0.25 0.25 0.25 0.25 0.25 0.25 0.25 0.25 0.25 0.25 0.25 0.25 0.25 0.25 0.25 0.25 0.25 0.25 0.25 0.25 0.25 0.25 0.25 0.25
0.75;0.75 0.75 0.75 0.75 0.75 0.75 0.75 0.75
0.0;0.0 0.0 0.0 0.0 0.0 0.0 0.0 0.0 0.0 0.0 0.0 0.0
0.25;0.625 0.25 0.25 0.25 0.25 0.25 0.25 0.25 0.25 0.25 0.25 0.25 0.25 0.25 0.25 0.25 0.25 0.75 0.25 0.25 0.25 0.25 0.25 0.25
0.75;0.75 0.75 0.75 0.75 0.75 0.4166666666666667 0.75 0.75 0.75 0.75 0.75 0.75 0.75 0.75 0.75 0.75 0.75 0.75 0.75
0.75;0.75 0.75 0.75 0.75 0.75 0.75 0.75 0.75 0.875 0.75 0.75 0.75 0.75 0.75
0.5;0.5833333333333334 0.5 0.5 0.5 0.5 0.5
1.0;0.5 1.0 1.0 1.0 1.0 1.0
0.0;0.3333333333333333 0.0 0.0 0.0 0.0 0.0
0.5;0.5 0.5 0.625 0.5 0.5 0.5 0.5
0.0;0.0 0.4166666666666667 0.3333333333333333 0.0 0.0 0.0 0.0 0.0 0.375 0.0 0.0 0.0 0.0 0.0 0.0 0.0 0.0 0.0 0.0 0.0 0.0 0.0
0.25;0.25 0.25 0.25 0.25 0.25 0.25 0.25 0.25 0.25
0.75;0.75 0.75 0.75 0.75 0.75 0.75 0.75 0.75
0.25;0.25 0.25 0.25
0.0;0.0 0.0 0.0 0.0 0.0 0.0 0.0 0.0 0.0
0.5;0.5 0.5 0.5 0.5 0.5 0.5 0.5 0.5 0.5 0.5
0.0;0.0 0.0 0.0 0.0 0.0 0.0 0.0 0.0 0.0 0.0 0.0 0.0 0.0 0.0 0.0 0.0 0.0 0.0 0.0 0.0 0.0 0.0 0.0 0.0
1.0;1.0 1.0 1.0 1.0 1.0 1.0 1.0 1.0 1.0 1.0 1.0 1.0 1.0
0.0;0.3333333333333333 0.0 0.0 0.0 0.0 0.0 0.0 0.0 0.0
0.5;0.5 0.5 0.5 0.5 0.5 0.5 0.5 0.5 0.5 0.25 0.5 0.5 0.5
0.5;0.5 0.5 0.5 0.5 0.5 0.5 0.5 0.5 0.5 0.5 0.5 0.5 0.5 0.5 0.5 0.5 0.5 0.5 0.5 0.5 0.5 0.5 0.5 0.5 0.5
0.25;0.125 0.25 0.25 0.25 0.25 0.25 0.25 0.25
0.25;0.25 0.25 0.25 0.25 0.25 0.25 0.25 0.25
0.25;0.25 0.08333333333333333 0.25 0.25 0.25 0.25 0.25 0.25 0.25 0.25 0.25 0.25 0.25 0.25
0.5;0.5 0.5 0.5 0.5 0.5 0.5 0.5 0.5 0.5 0.5 0.5 0.5 0.5 0.5 0.5 0.5 0.5 0.5 0.5 0.5 0.5 0.5 0.5 0.5 0.5 0.5 0.5 0.5 0.5
0.5;0.5 0.5 0.5 0.5 0.5 0.5 0.5 0.5 0.5 0.5 0.5 0.5 0.5 0.5 0.5 0.5 0.5 0.5 0.5 0.5 0.5 0.5 0.5
0.0;0.0 0.0 0.0 0.0 0.0 0.0 0.25 0.0 0.0 0.0
0.25;0.25 0.25 0.25 0.25 0.25 0.25
0.0;0.0 0.0 0.0 0.0 0.0 0.0 0.0 0.0 0.0 0.0 0.0 0.0
0.0;0.0 0.0 0.0 0.0 0.0 0.0 0.0 0.0 0.0 0.0 0.0 0.0 0.0 0.0 0.0 0.0 0.0 0.0 0.0 0.0 0.0 0.0 0.0 0.0 0.0
0.75;0.75 0.75 0.75 0.75 0.75 0.75 0.75 0.75 0.75 0.75 0.75
0.5;0.5 0.5 0.5 0.5 0.5 0.5 0.5 0.5
1.0;1.0 1.0 1.0 1.0 1.0 0.5 1.0 1.0 1.0 1.0 1.0 1.0
0.5;0.5 0.5 0.5 0.5 0.5 0.5 0.5 0.5 0.5 0.5 0.5 0.5 0.5 0.5 0.5 0.375 0.375 0.5 0.5 0.5 0.5 0.5 0.5 0.5 0.5
0.5;0.125 0.5 0.5 0.5 0.5 0.5 0.5 0.5 0.5 0.5 0.5 0.5 0.16666666666666666 0.34375 0.6111111111111112
0.75;0.75 0.75 0.75 0.75 0.75 0.75 0.625 0.75
0.5;0.5 0.5 0.5 0.5 0.5 0.5 0.5 0.5 0.5 0.5 0.5 0.5 0.5 0.5 0.5 0.5 0.5 0.75 0.5 0.5 0.5 0.4166666666666667 0.5 0.5 0.5 0.75 0.75 0.5 0.5 0.5 0.5 0.5
0.0;0.0 0.0 0.0 0.0 0.0 0.0 0.4 0.0 0.0 0.0 0.0
0.75;0.75 0.75 0.75 0.75 0.75 0.75 0.75 0.75 0.75 0.75 0.75 0.75 0.75 0.75 0.75 0.75 0.75 0.75 0.75 0.75
0.5;0.5 0.5 0.5 0.5 0.5 0.5 0.5 0.5
1.0;1.0 1.0 1.0 1.0 0.75 1.0 1.0 1.0 1.0 1.0 1.0 1.0 1.0 1.0 1.0
1.0;1.0 1.0 1.0 1.0 1.0 1.0 1.0 1.0 1.0 1.0 1.0 1.0 0.875
1.0;1.0 1.0 0.75 1.0 1.0 1.0 0.75 0.75 1.0 1.0 1.0
1.0;1.0 1.0 1.0 0.75 0.65 0.5 1.0 1.0
0.5;0.5 0.5 0.5 0.5 0.5 0.5 0.5 0.5 0.5 0.5 0.5 0.5 0.5 0.5 0.5833333333333334 0.3125
0.5;0.5 0.5 0.5 0.5 0.5 0.5 0.5 0.5 0.5 0.5 0.5 0.5 0.5 0.5 0.5
0.75;0.75 0.75 0.75 0.75 0.75 0.75 0.75 0.75 0.75 0.75 0.75
0.0;0.5 0.0 0.0 0.0 0.0 0.0 0.0 0.5454545454545454 0.4 0.3333333333333333 0.0 0.0 0.4166666666666667 0.375 0.25 0.25
0.5;0.5 0.5 0.5 0.5 0.5 0.5 0.5 0.5 0.5
0.5;0.375 0.375 0.375 0.5 0.5 0.5 0.5 0.5 0.5 0.5 0.5 0.5 0.5 0.5 0.5
0.75;0.75 0.75 0.75 0.75 0.75 0.75 0.75 0.75 0.75 0.75 0.75 0.75 0.75 0.75 0.75 0.75 0.75 0.75 0.75 0.75 0.75 0.75 0.75 0.75 0.75 0.75 0.75 0.75
0.0;0.08333333333333333 0.0 0.0 0.0 0.0 0.0 0.0 0.0 0.0 0.375 0.0 0.375
0.75;0.75 0.75 0.75 0.375 0.65 0.75 0.75
0.75;0.75 0.75 0.75 0.75 0.75 0.75 0.75 0.75 0.75 0.75 0.75 0.75 0.75 0.75 0.75 0.75 0.75 0.625 0.375 0.75 0.875 0.75
0.0;0.0 0.0 0.0 0.0 0.0 0.0 0.0 0.0 0.0 0.0 0.0 0.0 0.0 0.0 0.0 0.0 0.0 0.0 0.0 0.0 0.0 0.0 0.0 0.0 0.0 0.0 0.0 0.0 0.0 0.0 0.0 0.0 0.0 0.0 0.0
0.5;0.5 0.5 0.2727272727272727 0.5 0.5 0.5 0.5 0.5 0.5 0.5 0.5 0.5 0.5 0.5 0.625 0.5 0.5 0.5 0.5 0.5 0.5 0.5 0.5 0.5 0.5
1.0;1.0 1.0 0.8333333333333334 1.0 1.0 1.0 1.0 1.0 1.0 1.0 1.0 1.0 1.0 1.0 1.0 1.0 1.0
0.75;0.5 0.5 0.75 0.75 0.75 0.75 0.75 0.75 0.75 0.75 0.75 0.75 0.75 0.75 0.75 0.75 0.75
0.0;0.0 0.0 0.0 0.0 0.0 0.0 0.0 0.0 0.0 0.0 0.0 0.0 0.0 0.0 0.0 0.0 0.0 0.0 0.0 0.0 0.0 0.0 0.0 0.0 0.0 0.0 0.0 0.0 0.0 0.0 0.0 0.0 0.0
0.0;0.0 0.0 0.0 0.0 0.0 0.0 0.0 0.0 0.0 0.125 0.0
0.5;0.5 0.5 0.5 0.5 0.5 0.5 0.5 0.5 0.5 0.5 0.5 0.5 0.5 0.5 0.5 0.625 0.625
0.0;0.0 0.0 0.0 0.0 0.0 0.0 0.0 0.0
0.25;0.3125 0.25 0.25 0.25 0.25 0.25 0.25 0.25
0.0;0.0 0.0 0.0 0.0 0.0 0.0
0.5;0.5 0.5 0.5 0.5 0.5 0.5 0.5 0.5 0.5 0.5 0.5 0.5 0.5 0.5 0.25 0.5 0.125 0.5 0.5 0.5 0.5 0.5 0.5 0.5 0.5 0.5 0.5 0.5 0.5 0.5 0.5 0.5 0.5 0.5 0.5 0.5 0.5 0.5 0.5 0.5
0.5;0.5 0.5 0.5 0.5 0.5 0.5 0.625 0.5 0.5 0.5 0.5 0.5 0.5 0.5 0.5 0.5 0.5 0.5 0.5 0.5 0.5 0.5
0.5;0.5 0.5 0.5 0.5 0.5 0.5 0.5 0.5 0.5 0.5 0.5 0.5
0.0;0.0 0.0 0.0 0.0 0.0 0.0 0.0 0.0 0.0 0.0
0.0;0.0 0.0 0.2727272727272727 0.0 0.0 0.0 0.0 0.0 0.0 0.0 0.3125
0.25;0.25 0.25 0.25 0.25 0.25 0.25 0.25 0.25 0.25 0.25 0.4166666666666667 0.4166666666666667 0.4166666666666667 0.34375 0.6111111111111112
1.0;1.0 1.0 1.0 1.0 1.0 1.0 1.0 1.0 1.0 1.0 1.0 1.0 1.0 0.5 1.0 1.0 1.0 1.0 1.0 1.0 1.0 1.0 1.0
0.5;0.5 0.5 0.5 0.5 0.5 0.6666666666666666 0.75 0.5 0.5 0.5 0.5 0.5
0.75;0.75 0.75 0.75 0.75 0.75 0.75 0.3333333333333333 0.75 0.75 0.75 0.75 0.75 0.625 0.75 0.75 0.75
0.25;0.25 0.25 0.25 0.25 0.25 0.25 0.25 0.25 0.25 0.25 0.25 0.25 0.25
1.0;1.0 1.0 1.0 1.0 1.0 1.0 0.65 0.75 1.0 1.0
0.0;0.0 0.0 0.0 0.0 0.0 0.0 0.0 0.0 0.0
0.5;0.5 0.5 0.5 0.5 0.5 0.5 0.5 0.5 0.5 0.5 0.5
1.0;1.0 1.0 1.0 1.0 1.0 1.0 1.0 1.0 1.0 1.0 1.0
0.5;0.5 0.5 0.5 0.5 0.5 0.5 0.5 0.5 0.5 0.5 0.5 0.25 0.5 0.5 0.5 0.5 0.5 0.5 0.625 0.5 0.5 0.5 0.5 0.5 0.5 0.25 0.5 0.5 0.5 0.5 0.5
0.5;0.5 0.5 0.5 0.5 0.5
0.75;0.75 0.75 0.75 0.75 0.75 0.75 0.75 0.75 0.75 0.75 0.75 0.75
0.0;0.0 0.0 0.0 0.0 0.0 0.0 0.0 0.0 0.0
0.75;0.75 0.75 0.75 0.75 0.75 0.75 0.75 0.75 0.75 0.75 0.75 0.75 0.625 0.75
0.75;0.75 0.75 0.5833333333333334 0.75 0.75 0.75 0.75 0.75 0.75 0.75 0.75 0.75 0.75 0.75 0.75 0.75 0.75 0.75 0.75 0.75 0.75 0.75 0.75 0.75 0.75
0.0;0.2 0.0 0.0 0.0 0.0 0.0 0.0 0.0 0.0 0.0 0.0 0.0 0.0 0.0 0.0 0.0 0.0 0.0 0.0 0.0 0.0 0.0 0.0
0.25;0.25 0.25 0.25 0.25 0.25 0.25 0.25 0.25 0.25 0.25 0.25
0.75;0.75 0.75 0.75 0.75 0.75 0.5 0.75 0.75 0.75 0.75 0.75 0.75 0.75 0.75 0.75 0.75 0.75 0.75 0.75
0.75;0.75 0.75 0.75 0.75 0.75 0.75 0.75 0.75 0.75 0.75 0.75 0.75 0.75 0.75 0.75 0.75 0.75 0.75 0.75 0.75 0.75 0.75 0.75 0.75 0.75 0.75 0.75 0.75 0.75 0.75 0.75 0.75 0.75 0.75 0.75 0.75 0.75 0.75 0.75
0.5;0.5 0.5 0.5 0.5 0.5 0.5 0.5 0.5 0.5 0.5 0.5 0.5 0.5 0.5 0.5 0.5 0.5 0.5 0.5 0.625 0.5 0.5 0.5 0.5 0.5 0.5
0.75;0.75 0.75 0.75 0.75 0.75 0.75 0.75 0.75 0.75 0.75 0.75 0.75 0.75 0.75 0.75 0.75 0.75 0.75 0.75 0.75 0.75 0.75 0.75 0.75 0.75 0.75 0.75 0.75 0.75 0.75 0.75 0.75 0.75 0.75 0.75 0.75 0.75 0.75 0.75 0.75 0.75 0.75 0.75 0.75 0.75 0.75 0.75 0.75 0.75 0.75 0.75 0.75 0.75 0.75 0.75 0.75 0.75 0.75 0.75
0.25;0.2 0.25 0.25 0.25 0.25 0.25 0.25 0.25 0.25 0.25 0.25 0.25 0.25 0.25
0.5;0.5 0.5 0.5 0.5 0.5 0.5 0.5 0.5 0.5 0.5 0.5 0.5 0.5 0.5 0.5 0.5 0.5 0.625 0.5
0.0;0.0 0.0 0.0 0.0 0.0 0.0 0.0 0.0 0.0 0.0 0.0 0.0 0.0 0.0 0.0 0.0 0.0 0.0
0.0;0.0 0.0 0.0 0.0 0.0 0.0 0.0 0.0 0.0 0.0 0.0 0.0 0.0 0.0 0.0 0.0 0.0 0.0
0.25;0.25 0.25 0.25 0.25 0.25 0.25 0.25 0.25 0.25 0.25 0.25
1.0;1.0 1.0 1.0 1.0 1.0 1.0 0.5 1.0 1.0 1.0 1.0 1.0 1.0 1.0 1.0 1.0 1.0 1.0 1.0 0.75 1.0 1.0 1.0
0.25;0.25 0.25 0.25 0.25 0.25 0.25 0.25 0.25
0.75;0.75 0.75 0.75 0.75 0.75 0.75 0.75 0.75 0.75 0.75 0.75 0.75 0.75 0.75 0.75 0.75 0.75
0.5;0.5 0.5 0.5 0.5 0.5 0.5 0.5 0.5 0.5 0.5 0.5 0.5 0.5 0.5 0.5 0.5 0.5 0.5 0.5
0.5;0.5 0.5 0.5 0.5 0.5 0.5 0.5 0.5 0.5 0.5 0.5 0.5
0.25;0.25 0.25 0.25 0.25 0.25 0.25 0.25 0.25 0.375 0.25 0.25 0.25 0.25 0.25 0.25 0.25 0.25 0.25 0.25 0.25 0.25 0.25 0.25 0.25 0.25
1.0;1.0 0.65 0.5714285714285714 0.875 1.0 1.0 1.0 1.0 1.0 1.0 1.0 1.0 1.0 1.0 1.0 1.0 1.0
1.0;1.0 1.0 1.0 1.0 1.0 1.0 1.0 1.0 1.0 1.0 1.0 0.5 1.0 1.0 1.0 1.0 1.0
0.0;0.0 0.0 0.0 0.0 0.0 0.0 0.0 0.0
0.0;0.0 0.0 0.0 0.0 0.0 0.25 0.0 0.0 0.0 0.0 0.0 0.0 0.0 0.0 0.0 0.0 0.0 0.0 0.0 0.0 0.0 0.0 0.0
0.0;0.0 0.0 0.0 0.0 0.0 0.0 0.0 0.0 0.0 0.0 0.0 0.0 0.0 0.0 0.0 0.07142857142857142 0.0
0.0;0.5833333333333334 0.0 0.0 0.0 0.0 0.5 0.0 0.0
0.75;0.75 0.75 0.75 0.75 0.75 0.375 0.75 0.75 0.75 0.5 0.75 0.75 0.75 0.75 0.75 0.75 0.75
0.0;0.5 0.0 0.0 0.0 0.125
0.25;0.375 0.25 0.25 0.25 0.25 0.25 0.25 0.25 0.25 0.25 0.25 0.25 0.25 0.25 0.25 0.25 0.25 0.25
0.75;0.75 0.75 0.75 0.75 0.75 0.75 0.75 0.75 0.75 0.75 0.75 0.75 0.75 0.75 0.75 0.75 0.375
0.0;0.0 0.0 0.0 0.0 0.0 0.0 0.0 0.125 0.0 0.0 0.0 0.0 0.0 0.0 0.0 0.0 0.0 0.0 0.0 0.0 0.0 0.0 0.0
0.75;0.75 0.75 0.75 0.75 0.75 0.75 0.75 0.75 0.75 0.75 0.75 0.75 0.75 0.75 0.75
0.0;0.0 0.0 0.0 0.0 0.0 0.0 0.0
1.0;1.0 1.0 1.0 1.0 1.0 0.875 1.0 1.0
1.0;1.0 1.0 1.0 1.0 1.0 1.0 1.0 1.0 1.0 1.0 1.0 1.0 1.0 1.0 1.0 1.0 1.0 1.0
0.5;0.5 0.5 0.25 0.5 0.625 0.3333333333333333 0.375 0.5 0.5 0.5 0.5 0.5 0.5 0.5 0.5 0.5 0.5 0.5 0.5 0.5 0.5 0.5 0.5 0.5 0.5
0.5;0.5 0.5 0.5 0.5 0.5 0.5 0.5 0.5 0.5 0.5 0.5 0.5 0.5 0.5 0.5 0.5 0.5 0.5 0.5 0.5
1.0;1.0 1.0 1.0 1.0 1.0 1.0 0.625 1.0 1.0 1.0 1.0 1.0 1.0 1.0
0.5;0.5 0.5 0.5 0.5 0.5 0.5 0.5 0.5 0.5 0.5 0.5 0.5 0.5
0.25;0.25 0.25 0.25 0.25 0.25 0.25 0.25 0.25 0.25 0.25
0.5;0.5 0.5 0.5 0.5 0.5 0.5 0.5 0.5 0.5 0.5 0.5 0.625 0.5 0.5 0.5 0.5 0.5 0.5 0.5 0.5 0.5 0.5 0.5
0.0;0.0 0.0 0.0 0.0 0.0 0.0
0.5;0.5 0.5 0.5 0.5 0.5
0.25;0.25 0.25 0.25 0.25 0.25 0.25 0.25 0.25 0.25 0.25 0.25 0.25 0.25 0.25 0.25 0.25 0.25 0.25 0.25 0.25
1.0;1.0 1.0 0.75 1.0 1.0 1.0 1.0 1.0 1.0 1.0 1.0
0.25;0.25 0.5 0.25 0.25 0.25 0.25 0.25 0.25 0.25 0.25 0.25 0.25 0.25
0.5;0.5 0.5 0.5 0.5 0.5 0.5 0.5 0.5 0.5 0.5 0.5 0.5 0.5 0.5 0.5 0.5 0.5 0.5
0.75;0.75 0.375 0.5714285714285714 0.75 0.75 0.75 0.75 0.75 0.75 0.75 0.75 0.75 0.75 0.75 0.75 0.75 0.75 0.75 0.75 0.75 0.75 0.75 0.75 0.75 0.75 0.75 0.75 0.75 0.375 0.75 0.75
0.0;0.0 0.0 0.0 0.0 0.0 0.0 0.0 0.0 0.0 0.0 0.0
1.0;1.0 1.0 1.0 1.0 0.875 1.0 1.0 1.0 1.0 1.0 1.0 1.0 1.0 1.0 1.0 1.0 1.0 1.0 1.0 1.0 1.0 1.0 1.0 1.0 1.0 1.0 1.0 1.0 1.0 1.0 1.0
0.0;0.0 0.0 0.0 0.0 0.0 0.0 0.0 0.0 0.0 0.0 0.0 0.0 0.0 0.0 0.0 0.0 0.0 0.0 0.0 0.0 0.0
0.0;0.0
0.75;0.75 0.75 0.75 0.75 0.875 0.75 0.75 0.75 0.75 0.75 0.75 0.75 0.75 0.75 0.75 0.75 0.75 0.75
0.25;0.375 0.25 0.25 0.25 0.25 0.25 0.25 0.25 0.25 0.25 0.25 0.25 0.25 0.25 0.25 0.25 0.25 0.625 0.25 0.25 0.25 0.25
0.0;0.0 0.0 0.0 0.0 0.0 0.0 0.0 0.0 0.0 0.0 0.0 0.0 0.0 0.0 0.0 0.0 0.0 0.0 0.0 0.0 0.0 0.0 0.0 0.0 0.0 0.0 0.0
0.0;0.0 0.0 0.0 0.0 0.0 0.0 0.0 0.0 0.0
0.5;0.5 0.5 0.5 0.5 0.5 0.5 0.5 0.5 0.5 0.5 0.5 0.5 0.5 0.5 0.5 0.5 0.5 0.5 0.5 0.5 0.5 0.5 0.5 0.5 0.5 0.5
0.0;0.0 0.0 0.0 0.0 0.0 0.0 0.375 0.0 0.0 0.0 0.0 0.0 0.0 0.0 0.0 0.0 0.0
0.5;0.5 0.5 0.5 0.5 0.5 0.5 0.5 0.5 0.5 0.5 0.5 0.5 0.5 0.5 0.5 0.5 0.5 0.5 0.5 0.5 0.5 0.5
0.25;0.25 0.25 0.25 0.25 0.25 0.25 0.25 0.25 0.25 0.25 0.25 0.25 0.25 0.25 0.25 0.25 0.25 0.25 0.25 0.25
0.0;0.0 0.0 0.0 0.0 0.0 0.0 0.0 0.0 0.0 0.0 0.0 0.0 0.0 0.0 0.0 0.0 0.0 0.0 0.0 0.0 0.0 0.0 0.0 0.0 0.0 0.0 0.0 0.0 0.0 0.0 0.0
0.0;0.0 0.5 0.375 0.0 0.0 0.375 0.0 0.0 0.0 0.5 0.0 0.0 0.0 0.0 0.0 0.0 0.0 0.0 0.0 0.0 0.0 0.0 0.0 0.0 0.0 0.0
0.0;0.0 0.0 0.0 0.0 0.0 0.0 0.0 0.0
0.5;0.4375 0.5 0.5 0.5 0.5 0.5 0.5 0.5 0.5 0.5 0.5 0.5 0.5 0.5 0.5 0.5 0.5 0.5 0.5 0.5 0.5 0.5 0.5 0.5 0.5 0.5 0.5 0.5 0.5
0.25;0.25 0.25 0.25 0.25 0.25 0.25 0.25 0.25 0.25 0.25 0.25 0.25 0.25 0.25 0.25 0.25 0.25 0.25 0.25 0.25 0.25 0.25 0.25 0.25 0.25 0.25 0.25
0.0;0.0 0.0 0.0 0.0 0.0 0.0 0.0 0.0 0.25 0.3125 0.0 0.0 0.0 0.0 0.0 0.0 0.0 0.0 0.0 0.125 0.0 0.0 0.0 0.0 0.0 0.0 0.25 0.0 0.0 0.0
0.0;0.0 0.0 0.0 0.0 0.0 0.0 0.0 0.0 0.0 0.0 0.0 0.4375 0.5 0.0 0.0 0.0 0.0 0.0 0.0 0.0 0.0
0.0;0.0 0.0 0.0 0.0 0.0 0.0 0.0 0.5 0.125 0.0 0.0 0.0 0.0 0.0
1.0;1.0 1.0 1.0 1.0 1.0 1.0 1.0 1.0 1.0 1.0 1.0 1.0 1.0 0.75 0.75 1.0 1.0 1.0 1.0 1.0 1.0 1.0 1.0 1.0 1.0 1.0 1.0 1.0 1.0
0.75;0.3125 0.75 0.75 0.75 0.75 0.75 0.75 0.75 0.75 0.75 0.75 0.75 0.75 0.75
1.0;1.0 1.0 1.0 1.0 1.0 1.0 0.75 1.0 1.0 1.0 1.0 1.0 1.0 1.0 1.0 1.0 1.0
0.0;0.0 0.0 0.0 0.0 0.0 0.0 0.0 0.0 0.0 0.0 0.0 0.0 0.0 0.0 0.0 0.0 0.0 0.0 0.0 0.0 0.0 0.0 0.0 0.0 0.0 0.0 0.0 0.0 0.0 0.375
0.25;0.25 0.25 0.25 0.25 0.25 0.25 0.25 0.25 0.25 0.25 0.25 0.25 0.25 0.25 0.25 0.25
0.5;0.5 0.5 0.5 0.5 0.5 0.5 0.5 0.5 0.5 0.5 0.5 0.5 0.4166666666666667 0.4166666666666667 0.4166666666666667 0.34375 0.4 0.5 0.5 0.5 0.5 0.5 0.5 0.4166666666666667 0.4166666666666667 0.4166666666666667 0.34375 0.6111111111111112
0.5;0.25 0.25 0.5 0.5 0.5 0.5 0.5 0.5 0.5 0.5 0.5 0.6666666666666666 0.5 0.5 0.5 0.5 0.625 0.5 0.5
0.75;0.75 0.75 0.75 0.75 0.75 0.75 0.75 0.75 0.75 0.75 0.75 0.75 0.75 0.75 0.75 0.75 0.75 0.75 0.5 0.5 0.75 0.75 0.75 0.75 0.75 0.75 0.75 0.75 0.75
0.25;0.25 0.25 0.25 0.25 0.25 0.25 0.25 0.25 0.25 0.25 0.25 0.25 0.25 0.25
0.5;0.5 0.5 0.5 0.5 0.5 0.5 0.5 0.5 0.5 0.5 0.5
0.75;0.75 0.75 0.75 0.75 0.75 0.75 0.75 0.75 0.75 0.75 0.75 0.75 0.75 0.75 0.75 0.75
1.0;1.0 1.0 1.0 1.0 1.0 1.0 1.0 1.0 1.0 1.0 1.0 1.0 1.0 1.0
0.5;0.5 0.5 0.5 0.5 0.5 0.5 0.5 0.5 0.5 0.5 0.5 0.5 0.5 0.5 0.5
0.5;0.5 0.5 0.5 0.5 0.5 0.5 0.5 0.5 0.5 0.5 0.5 0.5 0.5 0.5 0.5 0.5 0.5 0.5 0.5 0.5 0.5 0.5 0.5 0.5 0.5 0.5
0.0;0.0 0.0 0.0 0.0 0.0 0.0 0.0 0.0
0.25;0.125 0.25 0.25 0.25 0.375 0.375 0.25 0.25 0.25 0.25 0.25 0.25 0.25 0.25 0.25 0.25 0.25 0.25 0.25 0.25 0.25 0.25 0.25 0.25 0.25 0.25 0.25 0.25 0.25 0.25 0.25 0.25
1.0;1.0 1.0 1.0 1.0 1.0 1.0 1.0
0.5;0.5 0.25 0.8333333333333334 0.5 0.5 0.5 0.5 0.5 0.5 0.5 0.5 0.5 0.5 0.5 0.5 0.5 0.5 0.5 0.5 0.5 0.5 0.5 0.5
0.5;0.5 0.5 0.5 0.5 0.5 0.5 0.5 0.5 0.5 0.5 0.5 0.5 0.5 0.5 0.5 0.5 0.5 0.5
1.0;1.0 1.0 1.0 1.0 1.0 1.0 1.0 1.0 1.0 1.0 1.0 1.0 1.0 1.0
0.0;0.0 0.0 0.0 0.0 0.0 0.0 0.0 0.0 0.0 0.0 0.0 0.0 0.0 0.0 0.0 0.0 0.0 0.0 0.0 0.0 0.3125 0.0 0.0 0.0
0.5;0.3333333333333333 0.5 0.5 0.5 0.5 0.5 0.5 0.5 0.75 0.5
0.0;0.0 0.0 0.0 0.0 0.0 0.0 0.0 0.0 0.0 0.0 0.0 0.0 0.0 0.0 0.0 0.0 0.0 0.0 0.0 0.0 0.0 0.0 0.0 0.0 0.0 0.0 0.0 0.0 0.0 0.0 0.0 0.0 0.0 0.0 0.0 0.0 0.0 0.0 0.0
0.75;0.75 0.75 0.75 0.75 0.75 0.75 0.75 0.75 0.75 0.75 0.75 0.75 0.75 0.75 0.75 0.75
0.75;0.75 0.75 0.75 0.75 0.75 0.75 0.75 0.75 0.75 0.75 0.75
0.75;0.5 0.75 0.75 0.75 0.75 0.75 0.75 0.75 0.75 0.75 0.75 0.75 0.75 0.75 0.75 0.75 0.75 0.75 0.75 0.75 0.75 0.75 0.75
0.25;0.25 0.25 0.25 0.25 0.25 0.5 0.5 0.25 0.25 0.25 0.25 0.25 0.25 0.25 0.25 0.25
0.0;0.0 0.0 0.0 0.0 0.0 0.0 0.0 0.0 0.0 0.0 0.0 0.0 0.0 0.0 0.0 0.0 0.0 0.0 0.0 0.0 0.0 0.0 0.0
0.0;0.0 0.0 0.0 0.0 0.0 0.0 0.0 0.0 0.0 0.0 0.0
1.0;1.0 1.0 1.0 0.875 1.0 1.0 1.0 1.0 1.0 1.0
0.0;0.0 0.0 0.0 0.0 0.0 0.0 0.0 0.0 0.0 0.0 0.0 0.0 0.0 0.0 0.0 0.0
0.0;0.0 0.0 0.0 0.0 0.0 0.0 0.0 0.0 0.0 0.0 0.0 0.0 0.0 0.0
0.5;0.5 0.5 0.5 0.5 0.5 0.5 0.5 0.5 0.5 0.5
0.0;0.375 0.0 0.375 0.0 0.0 0.0 0.0 0.0 0.0 0.16666666666666666 0.34375 0.4 0.0 0.0 0.0 0.0 0.0 0.0 0.0 0.0 0.0 0.0 0.0 0.0 0.0
0.5;0.5 0.5 0.5 0.5 0.5 0.5 0.5 0.5 0.5 0.5 0.5 0.5 0.5 0.5 0.5 0.5 0.75 0.5 0.5 0.5 0.5 0.5 0.5 0.5 0.5 0.5 0.5 0.5 0.5 0.5 0.5 0.5 0.5
0.75;0.4166666666666667 0.75 0.75 0.75 0.75 0.5 0.75 0.75 0.75 0.75 0.75 0.75 0.75 0.75 0.75 0.75 0.75 0.75 0.75 0.75 0.75 0.75 0.75 0.75 0.75 0.75
0.5;0.5 0.5 0.5 0.5 0.5 0.5 0.5 0.5 0.5 0.5 0.5 0.5 0.5 0.5 0.5 0.5 0.5 0.75 0.5 0.5 0.5 0.5
0.5;0.5 0.5 0.5 0.5 0.5 0.25 0.5 0.5 0.5 0.5 0.5
0.75;0.75 0.75 0.75 0.75 0.375 0.75 0.75 0.75 0.75 0.75 0.75
0.5;0.5 0.5 0.5 0.5 0.5 0.5 0.5 0.5 0.5 0.5 0.5 0.5 0.5 0.5 0.5 0.5 0.75 0.5 0.5 0.5
0.0;0.0 0.0 0.0 0.0 0.0
0.5;0.5 0.5 0.5 0.5 0.5 0.5 0.5 0.5 0.5 0.5 0.5 0.5 0.5 0.5 0.5 0.5 0.5 0.5
1.0;1.0 1.0 1.0 1.0 1.0 1.0 1.0 1.0 0.6
1.0;1.0 1.0 1.0 1.0 1.0 1.0 0.4375 0.75 1.0 1.0
0.25;0.25 0.25 0.25 0.25 0.25 0.25 0.25 0.25 0.25 0.25 0.25 0.25 0.5 0.25
0.0;0.0 0.0 0.0 0.0 0.0 0.0 0.0 0.125 0.0 0.0 0.0
0.0;0.0 0.0 0.0 0.0 0.0 0.3333333333333333 0.0 0.0 0.0 0.0
0.25;0.25 0.25 0.25 0.25 0.65 0.25 0.25 0.25 0.75 0.65 0.25 0.25 0.25 0.25 0.25 0.25 0.25 0.25 0.5 0.25 0.25 0.5 0.25 0.25 0.25 0.25 0.25 0.25 0.25
1.0;1.0 1.0 1.0 1.0 1.0 1.0 1.0 1.0 1.0 1.0 1.0 1.0 1.0 1.0 1.0 1.0 1.0 1.0 1.0 1.0 1.0
0.0;0.25 0.0 0.4 0.0 0.0 0.0 0.0
0.5;0.5 0.65 0.5 0.5 0.5 0.5 0.5 0.5 0.5 0.5 0.5
0.5;0.5 0.5 0.5 0.5 0.5 0.5
0.75;0.75 0.75 0.75 0.75 0.75 0.75 0.75 0.75 0.75 0.75 0.75 0.75 0.75 0.75 0.75 0.75 0.75 0.875
0.25;0.25 0.25 0.25 0.25 0.25 0.25 0.25 0.25 0.25 0.25 0.25 0.25 0.25 0.25 0.25
0.0;0.0 0.0 0.0 0.0 0.0 0.0 0.0 0.0 0.0 0.0 0.0 0.0 0.0 0.0 0.0
0.75;0.75 0.75 0.75 0.75 0.75 0.75 0.75 0.75 0.75 0.75 0.75 0.75 0.75 0.75 0.75 0.6666666666666666 0.75 0.5 0.75 0.75 0.75 0.75 0.75 0.75 0.75 0.75 0.75 0.75 0.75 0.75 0.75 0.75 0.75 0.75 0.75 0.75 0.75 0.75 0.75 0.75 0.75
0.0;0.0 0.0 0.0 0.0 0.0 0.0 0.0 0.0 0.0 0.0 0.0 0.0 0.0 0.0 0.0 0.0
0.0;0.0 0.0 0.0 0.0 0.0 0.0 0.0 0.0 0.125 0.0 0.0 0.0
1.0;1.0 1.0 1.0 1.0 1.0 1.0 1.0 1.0 1.0 1.0 0.75 1.0 1.0 1.0 1.0 1.0
1.0;1.0 1.0 1.0 1.0 1.0 1.0 1.0 1.0 1.0 1.0 1.0 1.0 1.0 0.875 1.0 1.0 1.0 1.0 1.0 1.0 1.0 1.0 1.0
0.0;0.0 0.0 0.0 0.0 0.0 0.0 0.0 0.0 0.0 0.0 0.0 0.0
1.0;1.0 1.0 1.0 1.0 1.0 1.0 1.0 1.0
0.75;0.75 0.75 0.75 0.75 0.625 0.8125 0.75 0.75 0.75 0.75 0.75 0.75
0.0;0.0 0.0 0.0 0.65 0.5714285714285714 0.25 0.0 0.0
1.0;1.0 1.0 1.0 1.0 1.0 1.0 1.0
0.5;0.5 0.5 0.5 0.5 0.5 0.5 0.5 0.3125 0.5 0.5 0.5 0.5 0.5 0.5 0.5 0.5 0.5 0.5 0.5 0.5 0.5 0.5 0.5
0.0;0.0 0.0 0.0 0.0 0.0 0.0 0.0 0.0 0.0 0.0 0.0 0.0 0.0 0.0 0.0 0.0 0.0 0.0 0.0 0.0 0.0 0.0 0.0 0.0 0.0 0.0 0.0 0.0 0.0 0.0 0.0
0.75;0.75 0.75 0.375 0.75 0.75 0.75 0.75 0.75 0.75 0.75 0.75 0.75 0.75
1.0;1.0 1.0 0.5 1.0 1.0 1.0 1.0 1.0 1.0 1.0 1.0 1.0 1.0 0.875 1.0 1.0 1.0 1.0 1.0 1.0 1.0 1.0
0.25;0.5 0.5 0.25 0.25 0.25 0.25 0.25 0.25 0.25 0.25 0.25 0.25 0.25 0.25 0.25
0.5;0.5 0.5 0.5 0.5 0.5 0.5 0.5 0.5 0.5 0.5 0.5 0.5 0.5 0.5 0.5 0.5 0.5 0.5 0.5
0.0;0.0 0.0 0.0 0.0 0.0 0.0 0.0 0.0 0.0 0.0 0.0 0.0
1.0;1.0 1.0 1.0 1.0 1.0 1.0 1.0
0.5;0.5 0.5 0.5 0.5 0.5 0.5 0.5 0.5 0.5 0.5 0.8333333333333334
1.0;0.5 1.0 1.0 1.0 1.0 1.0 1.0 1.0 1.0 1.0 1.0 1.0 1.0 1.0 1.0 1.0
0.75;0.75 0.75 0.75 0.75 0.75 0.75 0.75 0.75 0.75 0.75 0.75 0.75 0.75 0.75 0.75 0.75 0.75 0.5 0.75 0.75 0.75 0.75 0.75 0.75 0.75 0.75 0.75
0.75;0.75 0.75 0.75 0.75 0.75 0.75 0.75 0.75 0.75 0.75 0.75 0.75 0.75 0.75 0.75 0.75 0.75 0.75 0.75 0.75
0.75;0.75 0.75 0.75 0.75 0.75
0.0;0.0 0.0 0.0 0.0 0.0 0.0 0.0 0.0 0.0 0.0 0.0 0.0 0.0 0.0 0.0 0.0
0.25;0.25 0.25 0.25 0.25 0.25 0.25 0.25 0.25 0.25 0.25 0.25 0.25 0.25
0.5;0.5 0.5 0.5 0.5
0.0;0.0 0.0 0.0 0.0 0.0 0.0 0.0 0.375 0.0 0.0 0.0 0.0 0.0 0.0 0.0 0.125 0.0 0.0 0.0 0.0
0.5;0.5 0.5 0.5 0.5 0.5 0.5 0.5 0.5 0.5 0.5 0.5 0.5 0.5
0.5;0.5 0.5 0.5 0.5 0.5 0.5 0.5 0.5 0.5 0.5 0.5 0.5 0.5 0.25 0.5
1.0;1.0 1.0 1.0 1.0 1.0 1.0 1.0 1.0 1.0 1.0 1.0 1.0 1.0 1.0
0.25;0.25 0.25 0.25 0.25 0.25 0.25 0.25 0.25
0.25;0.25 0.25 0.25 0.25 0.25 0.25 0.25 0.25 0.25 0.25 0.25 0.25 0.25 0.25 0.25 0.25 0.25 0.25 0.25 0.125 0.125 0.125 0.25 0.25 0.25 0.25 0.25
0.5;0.5 0.5 0.5 0.5 0.5 0.5 0.5 0.5 0.5 0.5
0.75;0.75 0.75 0.75 0.75 0.75 0.75 0.75 0.75 0.75 0.75 0.75 0.75 0.75 0.75 0.75 0.75 0.75 0.75 0.75 0.75 0.75 0.75 0.75 0.75 0.75 0.75 0.75 0.75 0.75
0.0;0.0 0.0 0.0 0.0 0.0 0.0 0.0 0.0 0.0 0.0 0.0 0.0 0.0 0.0 0.0 0.0 0.0 0.0 0.0 0.0 0.0 0.0
0.75;0.75 0.75 0.75 0.75 0.75 0.75 0.75 0.75 0.75 0.75 0.75
0.0;0.0 0.0 0.0 0.0 0.0 0.0 0.0 0.0 0.0 0.0 0.0 0.0 0.0 0.0
0.75;0.625 0.75 0.75 0.75 0.75 0.75 0.75 0.75 0.75
0.25;0.25 0.25 0.25 0.25 0.25 0.25 0.25 0.25 0.25 0.25 0.25 0.25
0.5;0.5454545454545454 0.4 0.5 0.5 0.5 0.5 0.5 0.5 0.75 0.5 0.5 0.5
0.5;0.5 0.5 0.5 0.5 0.5 0.5
0.75;0.5833333333333334 0.6666666666666666 0.75 0.75 0.75 0.75 0.75 0.75 0.75 0.75 0.75 0.75 0.75 0.75 0.75 0.75 0.75 0.75 0.75 0.75 0.75 0.75 0.75 0.75 0.75 0.75 0.75 0.75 0.75
1.0;1.0 1.0 1.0 1.0 1.0 1.0 1.0 1.0 1.0
0.75;0.75 0.75 0.75 0.75 0.75 0.75 0.75 0.75 0.75 0.75
0.0;0.0 0.0 0.0 0.0 0.0 0.0 0.0 0.0 0.0 0.0 0.0
0.75;0.75 0.75 0.75 0.75 0.75 0.75 0.75 0.75 0.75 0.75 0.75
0.75;0.75 0.75 0.75 0.75 0.75 0.75 0.75 0.75 0.75 0.75 0.75 0.75 0.75 0.75
1.0;1.0 1.0 1.0 1.0 1.0 1.0 1.0 1.0 0.65 1.0 1.0 1.0 1.0 1.0
0.5;0.5 0.5 0.5 0.5 0.5454545454545454 0.4 0.3333333333333333 0.5 0.25 0.5 0.5 0.5 0.5 0.5 0.5 0.5 0.5
0.25;0.25 0.25 0.25 0.25 0.25 0.25
1.0;1.0 1.0 0.875 1.0 1.0 1.0 1.0 1.0 1.0 1.0 1.0 1.0 1.0
0.0;0.0 0.0 0.0 0.0 0.0 0.0 0.0 0.0 0.0 0.0 0.0 0.0 0.0 0.0 0.0 0.0 0.0 0.0 0.0 0.0 0.5 0.0 0.0
0.75;0.75 0.75 0.75 0.75 0.75 0.75 0.75 0.75 0.75 0.75 0.75 0.75 0.75 0.75 0.75 0.75 0.75 0.75
0.25;0.25 0.25 0.25 0.25 0.25 0.25 0.25 0.25 0.25 0.25 0.25 0.25 0.25 0.25 0.25 0.25 0.25 0.125 0.25 0.25 0.25 0.25 0.25 0.25
0.25;0.25 0.25 0.25 0.25 0.25 0.25 0.25 0.25 0.25 0.25 0.25 0.25 0.25 0.25 0.25 0.25 0.25 0.25 0.25 0.25 0.25 0.25 0.25 0.25 0.25 0.25 0.375 0.25
0.0;0.0 0.0 0.0 0.0
0.75;0.75 0.75 0.75 0.75 0.75 0.75 0.5 0.75 0.75 0.75 0.75 0.75 0.75 0.75 0.75 0.75 0.75 0.75
0.5;0.65 0.5714285714285714 0.25 0.5 0.5 0.5 0.5 0.5 0.5 0.5 0.5 0.5 0.5 0.5 0.5 0.5 0.5 0.5 0.5 0.5 0.5 0.5
0.5;0.5 0.5 0.5 0.5 0.5 0.5 0.5 0.5 0.5 0.5 0.5 0.5 0.5 0.5 0.5 0.5 0.5 0.5 0.5 0.5
0.25;0.25 0.5 0.25 0.25 0.25 0.25 0.25 0.25 0.25 0.25 0.25 0.25 0.25 0.25 0.25 0.25 0.25 0.25 0.25
0.5;0.5 0.5 0.5 0.5 0.5 0.5 0.5 0.5 0.5 0.5833333333333334 0.5 0.5 0.5 0.5 0.5 0.5 0.5 0.5 0.5 0.5 0.5 0.5 0.5 0.5 0.5 0.5 0.5 0.5 0.5
1.0;1.0 1.0 1.0 1.0 1.0 1.0 1.0 1.0 1.0 1.0 1.0 1.0 1.0 1.0 1.0 1.0 1.0 1.0 1.0 1.0 1.0 1.0 1.0 1.0 1.0 1.0 1.0 1.0
1.0;1.0 1.0 1.0 1.0 1.0 1.0 1.0 1.0 1.0 1.0
0.75;0.375 0.75 0.75 0.75 0.75 0.75 0.75 0.75 0.75 0.75 0.75
0.0;0.0 0.0 0.2 0.0 0.0 0.0 0.0 0.0 0.0 0.0 0.0 0.0 0.0 0.0 0.0
0.25;0.375 0.25 0.25 0.25 0.125 0.125 0.25 0.5 0.25 0.25 0.25 0.25 0.25 0.25 0.25 0.25 0.25 0.25 0.25
1.0;1.0 0.5 0.3333333333333333 1.0 1.0 1.0 1.0 1.0 0.75 1.0 1.0 1.0
1.0;1.0 1.0 1.0 1.0 1.0 1.0 1.0 1.0 1.0 1.0 1.0 1.0 1.0 1.0 1.0 1.0 1.0 1.0 1.0 1.0 1.0
0.0;0.0 0.0 0.0 0.0 0.0 0.0 0.0 0.25 0.25 0.0 0.0 0.0 0.0
0.0;0.0 0.0 0.0 0.0 0.0 0.0 0.0 0.0 0.0 0.0 0.0 0.0 0.0
0.75;0.75 0.75 0.5 0.75 0.75 0.75 0.75 0.75 0.75 0.75
0.0;0.0 0.0 0.0 0.0 0.0 0.0 0.0 0.0 0.0 0.0
1.0;1.0 1.0 1.0 1.0 1.0 1.0 1.0 0.75 1.0 1.0 1.0 0.5 0.5454545454545454 0.4 1.0 1.0 1.0 1.0 0.5 0.5 1.0 1.0
0.25;0.5 0.5 0.25 0.25 0.25 0.25 0.25 0.25 0.25 0.25 0.25 0.25 0.25 0.25 0.25 0.25
0.5;0.5 0.5 0.5 0.5 0.5 0.5 0.5 0.5 0.5 0.5 0.5 0.5 0.5 0.5 0.5 0.25
0.0;0.0 0.0 0.0 0.0 0.0 0.0 0.0 0.0 0.0 0.0 0.5 0.0 0.0 0.0
0.25;0.25 0.25 0.25 0.25 0.25 0.25 0.25 0.25 0.25 0.25
0.5;0.3333333333333333 0.3333333333333333 0.5 0.5 0.5 0.5 0.6666666666666666 0.625 0.5833333333333334 0.5 0.5 0.5 0.5
1.0;1.0 1.0 1.0 1.0 1.0 1.0 1.0 1.0 1.0 1.0 1.0 1.0 1.0 1.0
0.75;0.75 0.75 0.75 0.75 0.75 0.75 0.75 0.75 0.75 0.75 0.75 0.75 0.75 0.75 0.75 0.75 0.75 0.75 0.75 0.75 0.75 0.75 0.75 0.875 0.75 0.75 0.75 0.75 0.75
0.75;0.75 0.75 0.75 0.75 0.75 0.75 0.75 0.75 0.75 0.75 0.75 0.75 0.75 0.75 0.75 0.75 0.75 0.75 0.75
0.75;0.75 0.75 0.75 0.75 0.75 0.5833333333333334 0.875 0.875 0.75 0.75 0.75 0.75 0.75 0.75 0.75
0.0;0.0 0.0 0.0 0.0 0.3 0.2727272727272727 0.0 0.0 0.0 0.6
0.5;0.5 0.5 0.5 0.625 0.5 0.5 0.5 0.5 0.5833333333333334 0.5 0.5 0.5 0.5 0.5 0.5 0.5 0.5 0.5 0.5 0.5 0.5 0.5 0.5 0.5 0.5 0.5 0.5 0.625 0.5 0.5 0.5 0.5 0.5833333333333334
0.0;0.0 0.0 0.0 0.0 0.0 0.0 0.0 0.0 0.5833333333333334 0.5 0.0 0.0 0.0 0.0 0.0 0.0 0.0 0.0 0.0 0.0 0.0 0.0 0.0
0.5;0.5 0.5 0.5 0.5 0.5 0.5 0.5 0.5 0.5 0.5
1.0;1.0 1.0 1.0 1.0 0.625 1.0 1.0 1.0 1.0 1.0 1.0 0.5833333333333334 1.0
0.5;0.5 0.5 0.5 0.5 0.375 0.5 0.5 0.5 0.5 0.5 0.5 0.5 0.5 0.5 0.5 0.5 0.5 0.5 0.5 0.5 0.5 0.5 0.5 0.5 0.5 0.5 0.5 0.5 0.5 0.5 0.5 0.5 0.5 0.5 0.5 0.5 0.5 0.5 0.5
1.0;1.0 1.0 1.0 1.0 1.0 1.0 1.0 1.0 1.0 1.0 1.0 1.0 1.0 1.0 1.0 1.0 1.0 1.0 1.0 1.0 1.0
1.0;1.0 1.0 1.0 1.0 1.0 1.0 1.0 1.0 1.0 1.0 1.0 1.0 1.0 1.0 1.0 1.0
1.0;1.0 1.0 1.0 1.0 1.0 1.0 1.0 1.0
0.0;0.0 0.0 0.0 0.0 0.0 0.0 0.0 0.0 0.0 0.0 0.0 0.0 0.0 0.0 0.3125 0.0 0.0
0.25;0.25 0.25 0.25 0.25 0.25 0.25 0.25 0.25 0.25 0.25 0.25 0.25
0.0;0.0 0.0 0.0 0.0 0.0 0.0 0.0 0.0 0.0 0.0 0.0 0.0 0.0 0.0 0.0 0.0 0.0 0.0 0.0 0.0 0.0 0.0
0.0;0.0 0.0 0.0 0.0 0.0 0.0 0.0 0.0 0.0 0.0 0.0 0.0 0.0 0.0 0.0 0.0 0.0 0.0
0.0;0.0 0.0 0.0 0.0 0.0 0.0 0.0 0.0 0.0 0.0 0.0 0.0 0.0 0.0 0.0 0.0 0.0 0.0 0.0 0.0 0.0 0.0 0.0 0.0 0.0 0.0
1.0;1.0 1.0 1.0 1.0 1.0 1.0 1.0 1.0 1.0
1.0;1.0 1.0 1.0 1.0 1.0 1.0 1.0 1.0 1.0 1.0 1.0 1.0 1.0 1.0 1.0 1.0 1.0 1.0 1.0 1.0 1.0 1.0 1.0
1.0;1.0 1.0 0.75 1.0 1.0 1.0 1.0 1.0 1.0 0.3333333333333333 1.0 1.0
0.75;0.75 0.75 0.75 0.75 0.75
0.0;0.0 0.0 0.0 0.0 0.0 0.0 0.0 0.0 0.25 0.0 0.0 0.0 0.0 0.0 0.07142857142857142 0.0 0.0 0.0 0.0 0.0 0.0 0.0 0.0 0.0 0.0 0.0 0.0
0.5;0.5 0.5 0.5 0.5 0.5 0.5 0.5 0.5 0.5 0.5 0.5 0.5 0.5 0.5833333333333334
0.5;0.5 0.5 0.5 0.5 0.5 0.5 0.5 0.5 0.5 0.5 0.5 0.5 0.5 0.5 0.5 0.5 0.5 0.5 0.5 0.5 0.5 0.5 0.5 0.5 0.5 0.5 0.625
0.0;0.0 0.0 0.0 0.0 0.0 0.0 0.0 0.0 0.0 0.3333333333333333 0.0 0.0 0.0 0.625 0.0 0.0 0.0
1.0;1.0 1.0 1.0 1.0 1.0 1.0 0.5833333333333334 1.0 1.0 1.0 1.0 1.0 1.0 1.0 1.0 1.0 1.0 1.0 1.0 1.0 1.0 1.0 1.0 1.0
1.0;1.0 0.75 1.0 1.0 1.0 1.0 1.0 1.0 1.0 1.0 1.0 1.0 1.0
0.0;0.0 0.0 0.0 0.0 0.0 0.0 0.0 0.0 0.0 0.0 0.0 0.0 0.0 0.0 0.0 0.0 0.0 0.0
0.5;0.4375 0.5833333333333334 0.5 0.5 0.5 0.5 0.5 0.5
0.75;0.75 0.75 0.75 0.75 0.75 0.75 0.75 0.5 0.5 0.75 0.75 0.75
0.75;0.75 0.75 0.75 0.75 0.75 0.75 0.75 0.75 0.75 0.75 0.75 0.75 0.75 0.75 0.75 0.75
0.0;0.0 0.0 0.0
0.25;0.25 0.25 0.25 0.25 0.25 0.125 0.25 0.25 0.25 0.25 0.25 0.25 0.25
1.0;0.4375 0.5 1.0 1.0 1.0 1.0 1.0 1.0 1.0 1.0 1.0 1.0 1.0 1.0 1.0 1.0
0.5;0.5 0.5 0.5 0.5 0.5 0.5 0.5 0.5 0.5
0.0;0.0 0.25 0.0 0.0 0.0 0.0 0.0 0.0 0.0 0.0 0.0 0.0 0.0 0.0 0.0 0.5 0.0
0.75;0.75 0.75 0.75 0.75 0.75 0.75 0.75 0.75 0.75 0.75
0.0;0.0 0.65 0.5 0.0 0.0 0.0 0.0 0.0 0.0 0.0 0.0 0.0
0.5;0.375 0.25 0.5 0.5 0.5 0.25 0.5 0.5 0.5 0.5 0.5 0.5 0.5 0.5 0.5 0.5
1.0;1.0 0.5 1.0 1.0 1.0 1.0 0.875 1.0 1.0 1.0 0.625 0.625 1.0 1.0 0.8125 1.0 1.0 1.0 1.0 1.0 1.0 1.0 1.0 1.0 1.0 1.0 1.0 1.0 1.0 1.0 1.0 1.0 0.75 1.0 1.0 0.8125 1.0
0.0;0.0 0.0 0.0 0.0 0.0 0.0 0.0 0.0 0.0 0.0 0.0 0.0 0.0 0.0 0.0 0.0 0.0 0.0 0.0 0.0 0.0 0.0 0.0
0.0;0.0 0.0 0.0 0.0 0.0 0.0 0.0 0.0 0.0 0.0 0.0 0.0 0.0 0.0 0.0 0.0 0.0
0.25;0.25 0.25 0.25 0.25 0.25 0.25 0.25 0.25 0.25 0.25 0.25 0.25
1.0;1.0 1.0 1.0 1.0 1.0 1.0 1.0 1.0 1.0 1.0 1.0 1.0 1.0
0.0;0.0 0.0 0.0 0.0 0.0 0.0 0.0 0.0 0.0 0.0 0.0 0.0 0.0 0.0 0.0 0.0 0.0 0.0 0.0 0.0 0.3333333333333333 0.0
0.75;0.4375 0.65 0.75 0.75 0.75 0.75 0.5833333333333334 0.6666666666666666 0.625 0.75 0.75 0.75 0.75 0.5 0.625 0.625
1.0;1.0 0.375 1.0 1.0 0.75 1.0 1.0 1.0 1.0 1.0 1.0 1.0 1.0 0.5 1.0 1.0 0.65 1.0
0.25;0.25 0.25 0.25 0.25 0.25 0.25 0.25 0.25 0.25 0.25
0.0;0.0 0.0 0.0 0.0 0.4375 0.0 0.0 0.0 0.0 0.0 0.0 0.0 0.2727272727272727 0.0 0.0 0.0 0.0 0.25 0.3125
0.5;0.5 0.5 0.5 0.5 0.5 0.5 0.5 0.5 0.5 0.5833333333333334 0.5 0.5 0.5 0.5 0.5 0.5 0.5 0.5 0.5 0.5 0.5 0.5 0.5 0.5 0.3125 0.5 0.5
0.0;0.0 0.0 0.0 0.0 0.0 0.0 0.0 0.0 0.0 0.0 0.0 0.0 0.0 0.0 0.0 0.0 0.0 0.0 0.0 0.0
0.5;0.5 0.5 0.5 0.5 0.5 0.5 0.5
0.0;0.0 0.0 0.25 0.0 0.0
0.75;0.75 0.75 0.75 0.75 0.75 0.75 0.75 0.75 0.75 0.75 0.75 0.75 0.75 0.75 0.75 0.75 0.75 0.75 0.75 0.75 0.75
1.0;1.0 1.0 1.0 1.0 1.0 1.0 1.0 1.0 1.0 1.0 1.0 1.0 1.0 1.0 1.0 1.0
0.75;0.75 0.75 0.75 0.75 0.75 0.75 0.625
0.75;0.75 0.75 0.75 0.75 0.625 0.75 0.75 0.75
0.25;0.25 0.25 0.25 0.25 0.25 0.25 0.5
0.5;0.5 0.5 0.5 0.5 0.5 0.5 0.5 0.5 0.5
0.75;0.4375 0.75 0.75 0.75 0.75 0.75
0.0;0.0 0.125 0.0 0.0 0.0 0.0 0.0 0.0 0.0 0.0 0.0 0.0 0.0 0.0 0.0 0.25 0.6111111111111112
0.5;0.5 0.5 0.5 0.5
0.75;0.75 0.75 0.75 0.75 0.75 0.75 0.75 0.75 0.75 0.75 0.75 0.75
0.5;0.5 0.5 0.5 0.5 0.5 0.5 0.5 0.5 0.5 0.5 0.5 0.5
0.5;0.5 0.5 0.5 0.5 0.5 0.5 0.5 0.5 0.5 0.5 0.5 0.5 0.5 0.5 0.5 0.625 0.5 0.5 0.5 0.5 0.5 0.5
0.5;0.5 0.5 0.5 0.5 0.5 0.5 0.5 0.5 0.5 0.5 0.5 0.5 0.5 0.25 0.5 0.5
1.0;1.0 1.0 1.0 1.0 1.0 1.0 1.0 0.875 0.5833333333333334 0.875 1.0 1.0 1.0 0.75 0.75 1.0 1.0 1.0
1.0;0.8333333333333334 1.0 1.0 1.0 1.0 0.6 1.0 1.0 1.0 1.0 1.0 1.0 1.0 1.0
0.0;0.0 0.0 0.0 0.125 0.0 0.0 0.0 0.0 0.0 0.0 0.0 0.0 0.0 0.0
0.75;0.75 0.75 0.75 0.375 0.75 0.75 0.75 0.75
0.75;0.75 0.75 0.75 0.75 0.75 0.75 0.75 0.75 0.75 0.75 0.75 0.75 0.6111111111111112
0.5;0.5 0.5 0.5 0.5 0.5 0.3333333333333333 0.5 0.5 0.5 0.5 0.5 0.5 0.5 0.5 0.3333333333333333 0.5 0.5 0.75 0.5
1.0;1.0 1.0 1.0 1.0 1.0 1.0 1.0 1.0 1.0 1.0 1.0 1.0 1.0 1.0 1.0 1.0 1.0 1.0 1.0 1.0 1.0 1.0 1.0 1.0 1.0 1.0 1.0 1.0 1.0 0.5 1.0 1.0
0.75;0.75 0.4 0.75 0.75 0.75 0.75 0.75 0.75 0.75 0.75 0.75 0.75 0.75 0.75 0.75 0.75 0.75 0.75 0.75 0.75 0.75 0.75 0.75 0.75 0.75 0.5833333333333334 0.75
0.0;0.0 0.0 0.0 0.0 0.5 0.0 0.0 0.0 0.0 0.0 0.0 0.0 0.0 0.0 0.0 0.0 0.0 0.0 0.0 0.0 0.0 0.0 0.0 0.0
0.5;0.375 0.5 0.5 0.5 0.5 0.5 0.5 0.5 0.5 0.5 0.5 0.5 0.5 0.5 0.5 0.5 0.5 0.5 0.5 0.5
0.0;0.0 0.0 0.0 0.0 0.0 0.0 0.0 0.0 0.0 0.0 0.0 0.0 0.0 0.0 0.0 0.0 0.0 0.0
1.0;1.0 1.0 1.0 1.0 1.0 1.0 1.0 1.0
0.25;0.25 0.25 0.25 0.25 0.25 0.25 0.25 0.25 0.25 0.25 0.25 0.25 0.25 0.25 0.25 0.25
0.5;0.5 0.5 0.5 0.5 0.5 0.5 0.5 0.5 0.5 0.5 0.5
0.75;0.75 0.75 0.75 0.75 0.75 0.75
0.0;0.0 0.0 0.0 0.0 0.0 0.0 0.0 0.0 0.0 0.0 0.0 0.0 0.0 0.0 0.0 0.0
0.25;0.25 0.25 0.25 0.25 0.25 0.25 0.25 0.25 0.25 0.25 0.25 0.25 0.25 0.25 0.25
0.0;0.0 0.0 0.0 0.0 0.0 0.0 0.0 0.0 0.0 0.0 0.0 0.0 0.0
1.0;1.0 1.0 1.0 1.0 0.625 1.0 1.0 1.0 1.0 1.0 1.0 0.6666666666666666 0.75 1.0 1.0
0.0;0.0 0.0 0.0 0.0 0.0 0.0 0.0 0.0 0.0 0.0 0.5454545454545454 0.4 0.0 0.0 0.0 0.0 0.0 0.0 0.0 0.0 0.0 0.0
0.5;0.5 0.5 0.5 0.5 0.4166666666666667 0.5 0.5 0.5 0.5 0.5454545454545454 0.4 0.3333333333333333 0.5 0.625 0.5 0.5 0.5 0.3125 0.5 0.5 0.5 0.5 0.5 0.5 0.25 0.5 0.5 0.5 0.5 0.5 0.5 0.5 0.5 0.5 0.5 0.5 0.5 0.75 0.75 0.5 0.5 0.5 0.5 0.5 0.5 0.5 0.5 0.5 0.5 0.5 0.5
0.75;0.75 0.75 0.75 0.75 0.75 0.75 0.75 0.75 0.75 0.75 0.75
0.0;
0.0;0.125 0.0 0.0 0.0 0.0 0.0 0.0 0.0 0.0
0.75;0.75 0.75 0.75 0.75 0.75 0.75 0.75 0.75 0.75 0.75 0.75 0.75 0.75 0.75 0.625 0.625 0.625 0.75 0.75 0.75 0.75 0.75 0.75 0.75 0.75 0.75 0.75 0.75 0.75 0.75
0.0;0.0 0.0 0.0 0.0 0.0 0.0 0.0 0.0 0.0 0.0 0.0 0.0 0.0 0.0 0.0 0.0 0.0 0.0
0.0;0.0 0.0 0.0 0.0 0.0 0.0 0.0 0.07142857142857142 0.0 0.0 0.0 0.0 0.0 0.0 0.0 0.0 0.0 0.0 0.0 0.0 0.0
0.75;0.75 0.75 0.75 0.75 0.75 0.75 0.75 0.75 0.75 0.75 0.75 0.75 0.75 0.75 0.75 0.75 0.75 0.75 0.75 0.75 0.75 0.75 0.75 0.75 0.75 0.75 0.75 0.75 0.75 0.75 0.75 0.75 0.75 0.75
1.0;1.0 1.0 1.0 1.0 1.0 1.0 1.0 1.0 1.0 1.0 1.0 1.0 1.0 1.0 1.0 1.0 1.0
0.5;0.5 0.5 0.5 0.5
0.0;0.0 0.0 0.0 0.0 0.0 0.0 0.0 0.0 0.0
0.0;0.0 0.0 0.0 0.0 0.5 0.0 0.0 0.0 0.375 0.0 0.0 0.0 0.0 0.0 0.0
0.25;0.25 0.25 0.25 0.25 0.25 0.25 0.25 0.25 0.25 0.25 0.25 0.25 0.25 0.25 0.25 0.25 0.25 0.25 0.25 0.25
0.0;0.0 0.0 0.0 0.0 0.0 0.0 0.0 0.0 0.0 0.0 0.0 0.0 0.0 0.5833333333333334 0.0
0.75;0.75 0.75 0.75 0.75 0.75 0.75 0.75 0.75 0.3 0.2727272727272727 0.625 0.5 0.75 0.3125 0.75 0.75 0.75 0.75 0.75 0.75 0.75 0.75 0.75 0.75 0.75
0.75;0.375 0.5833333333333334 0.75 0.75 0.75 0.75 0.75 0.375 0.75 0.75 0.75 0.75 0.75 0.75 0.75 0.75 0.75 0.75 0.75 0.75 0.75
0.0;0.0 0.0 0.0 0.0 0.0 0.0 0.0 0.0 0.0 0.0 0.0 0.0
0.0;0.0 0.0 0.0 0.0 0.0 0.0 0.0 0.0 0.0 0.0 0.0 0.0 0.0 0.0 0.5 0.0 0.0 0.0
1.0;0.625 0.625 1.0 1.0 1.0 1.0 1.0 1.0 1.0 1.0 0.5454545454545454 0.6111111111111112
0.0;0.0 0.0 0.0 0.0 0.0 0.0 0.0 0.0 0.0 0.0 0.0 0.0 0.0 0.0 0.0
0.5;0.5 0.5 0.5 0.5 0.5 0.5 0.5 0.5 0.5 0.5 0.5 0.5 0.75 0.5 0.5 0.5 0.5 0.5 0.5 0.5 0.5 0.5 0.5 0.5 0.5 0.5 0.5
0.75;0.75 0.75 0.75 0.75 0.75 0.75 0.75 0.75 0.75 0.75 0.5 0.75 0.75 0.75 0.75
0.0;0.0 0.0 0.0 0.0 0.0 0.0 0.0 0.0 0.0 0.0 0.0 0.0 0.0 0.0 0.0 0.0 0.0 0.0 0.0
0.5;0.5 0.5 0.5 0.5 0.5 0.5 0.5 0.5 0.5 0.5 0.6666666666666666 0.5 0.5 0.5 0.5 0.5 0.5 0.5 0.5 0.5 0.5 0.5 0.5 0.5
0.75;0.6 0.75 0.75 0.75 0.75 0.75 0.75 0.75 0.25 0.75 0.75 0.75 0.75 0.75 0.75 0.75
0.75;0.75 0.4375 0.75 0.75 0.75 0.75 0.75 0.75 0.75 0.75 0.75 0.75 0.875 0.75 0.75 0.75 0.75
0.25;0.25 0.25 0.25 0.25 0.25 0.25 0.25 0.25 0.25 0.25 0.25
0.25;0.25 0.25 0.25 0.25 0.25 0.25 0.25 0.25 0.25 0.25
0.75;0.75 0.75 0.75 0.75 0.75 0.75 0.75 0.75 0.75 0.75
0.75;0.75 0.75 0.75 0.75 0.75 0.5833333333333334 0.75 0.75 0.75 0.75 0.75 0.75 0.75 0.75 0.75 0.75
0.0;0.0 0.0 0.0 0.0 0.0 0.0 0.0 0.0 0.0 0.0 0.0 0.0 0.0 0.0 0.0
0.0;0.375 0.5833333333333334 0.0 0.0 0.0 0.0 0.0 0.0 0.0 0.0 0.0 0.0 0.4 0.0 0.0 0.0
1.0;0.625 1.0 1.0 1.0 1.0 1.0 1.0 1.0 1.0 1.0 1.0 1.0 1.0
0.5;0.5 0.5 0.5 0.5 0.5 0.5 0.625 0.8125 0.5 0.5 0.5 0.5 0.5 0.5 0.5 0.5
0.0;0.0 0.0 0.0 0.0 0.0 0.0 0.0 0.0 0.0 0.0 0.0 0.0 0.0 0.0 0.0 0.0 0.0
0.0;0.0 0.0 0.0 0.0 0.0 0.0 0.0 0.0 0.0 0.0 0.0 0.0 0.0 0.0 0.0 0.0 0.0 0.0 0.0 0.0 0.0
0.75;0.75 0.75 0.75 0.75 0.75 0.75 0.75 0.75
0.75;0.5833333333333334 0.375 0.75 0.75 0.75 0.75 0.75 0.75 0.75 0.75 0.75 0.75 0.75 0.75 0.75 0.75 0.75 0.75 0.75 0.75 0.75 0.75 0.75 0.75 0.75 0.75 0.75 0.75 0.75 0.75 0.75 0.75
0.75;0.375 0.25 0.75 0.75 0.75 0.75 0.75 0.75 0.75 0.75 0.6666666666666666 0.75 0.75 0.75 0.75 0.75 0.75 0.75 0.75
0.75;0.75 0.75 0.75 0.75 0.75 0.75 0.75 0.4166666666666667 0.375 0.75
0.5;0.25 0.5 0.5 0.5 0.5 0.5 0.5 0.5 0.5 0.5 0.5 0.5 0.5 0.5 0.5 0.5 0.75 0.75 0.625 0.5 0.5 0.5 0.5
0.5;0.5 0.5 0.5 0.5 0.5 0.5 0.5 0.5 0.5 0.5 0.5 0.5
0.5;0.5 0.5 0.5 0.5 0.5 0.5 0.5 0.5 0.5 0.5 0.5 0.5 0.5
0.25;0.25 0.25 0.25 0.25 0.25 0.25 0.25 0.125 0.25 0.25 0.25
1.0;1.0 1.0 1.0 1.0 1.0 1.0 1.0 1.0 1.0 1.0 1.0 1.0 1.0 1.0 1.0 1.0 1.0 1.0 1.0 1.0 1.0 1.0 1.0 1.0 1.0 0.5454545454545454 0.6111111111111112
1.0;0.875 0.4 1.0 1.0 1.0 1.0 1.0 1.0 1.0 1.0 1.0 1.0 1.0 1.0 1.0 1.0 1.0 0.65 0.5714285714285714 1.0 1.0 1.0 1.0
1.0;1.0 1.0 1.0 1.0 1.0 1.0 1.0 1.0 1.0 1.0 1.0 1.0 1.0 1.0 1.0 1.0 1.0 1.0 1.0 1.0 1.0 1.0 1.0 1.0 1.0
0.0;0.0 0.0 0.0 0.0 0.0 0.0 0.0 0.0 0.0 0.0 0.0 0.0 0.0 0.0
0.75;0.875 0.75 0.5 0.375 0.75 0.75 0.75 0.75 0.75 0.75 0.75 0.75 0.75 0.75
0.75;0.875 0.4 0.75 0.75 0.75 0.75 0.75 0.75 0.75 0.75 0.3125
0.0;0.0 0.0 0.0 0.0 0.0 0.0
1.0;1.0 1.0 1.0 1.0 1.0 1.0 1.0 1.0 1.0 1.0 1.0 1.0 1.0 1.0 1.0 1.0 1.0 1.0 1.0 1.0 1.0 1.0 1.0 1.0 1.0 1.0
0.0;0.0 0.0 0.0 0.0 0.0 0.0 0.0 0.0 0.0 0.0
0.5;0.75 0.5 0.5 0.5 0.25 0.5 0.5 0.5 0.5 0.4166666666666667
0.25;0.25 0.25 0.25 0.25 0.25 0.25 0.25 0.25 0.25 0.25 0.25 0.25 0.25 0.25 0.25 0.25 0.25 0.25 0.25 0.25 0.25 0.25 0.25 0.25 0.25
0.0;0.0 0.0 0.0 0.0 0.0 0.0 0.0 0.0 0.0 0.0 0.0 0.0 0.0 0.0 0.0 0.0 0.0 0.0 0.0 0.0
0.25;0.375 0.375 0.25 0.25 0.25 0.25 0.25 0.25 0.25 0.25 0.25 0.25
0.75;0.75 0.75 0.75 0.75 0.75 0.75 0.75 0.75 0.75 0.75 0.75 0.65 0.75 0.75 0.75 0.75 0.75 0.75 0.75 0.75 0.75 0.75
0.5;0.5 0.5 0.5 0.5 0.5 0.5 0.25 0.5
1.0;1.0 1.0 1.0 1.0 1.0 1.0 1.0 1.0 1.0 1.0 1.0 1.0 1.0 1.0 1.0 1.0 1.0 1.0
1.0;1.0 1.0 1.0 1.0 1.0 1.0 1.0 0.6666666666666666 1.0 1.0 1.0 1.0 1.0 1.0 1.0 1.0 0.6111111111111112
0.0;0.0 0.0 0.0 0.0 0.0 0.0 0.0 0.4166666666666667 0.0 0.0 0.0 0.375 0.0 0.0
0.0;0.0 0.0 0.0 0.0 0.0 0.0 0.0 0.0 0.0 0.0 0.0 0.0 0.0 0.0 0.0 0.0 0.0 0.0 0.0 0.0 0.0
1.0;1.0 1.0 1.0 1.0 1.0 1.0 1.0 1.0 1.0 1.0 1.0 1.0 1.0 1.0
0.0;0.0 0.0 0.0 0.0 0.0 0.0 0.0 0.0 0.0 0.0 0.0 0.0 0.0 0.0 0.0 0.0 0.0 0.0
0.75;0.2727272727272727 0.75 0.75 0.75 0.75 0.75 0.75 0.625 0.65 0.625 0.6 0.75 0.75 0.75 0.75 0.75 0.75 0.75 0.75 0.75 0.75 0.75 0.4166666666666667 0.75
0.25;0.25 0.25 0.25 0.25 0.25 0.25 0.25 0.25 0.25 0.25 0.25 0.25 0.25 0.25 0.25
0.5;0.5 0.5 0.5 0.5 0.5 0.5 0.5 0.5 0.5 0.5 0.5 0.5 0.5 0.5
0.5;0.5 0.5 0.5 0.5 0.5 0.5 0.5 0.5 0.5 0.5 0.5
0.5;0.5 0.5 0.5 0.5 0.5 0.5 0.5 0.5 0.5 0.5
0.0;0.0 0.0 0.0 0.0 0.0 0.0 0.0 0.0 0.0 0.0 0.0 0.0 0.0 0.0 0.0 0.0 0.0
0.5;0.5 0.5 0.5 0.5 0.5 0.5 0.75 0.5 0.5 0.5 0.5 0.5 0.5 0.5 0.5 0.5 0.5
0.0;0.4 0.16666666666666666 0.0 0.0 0.0 0.0 0.0 0.0 0.0 0.0 0.0 0.0 0.0 0.0 0.0 0.0
0.0;0.0 0.0 0.0 0.0 0.0 0.0 0.0 0.0 0.0 0.0 0.0 0.0 0.0 0.0 0.0 0.0 0.0 0.0 0.0 0.0 0.0 0.0
0.75;0.75 0.75 0.75 0.75 0.75 0.75 0.75 0.75 0.75 0.75 0.75 0.75 0.75 0.75 0.75
0.5;0.5 0.5 0.5 0.5 0.5 0.5 0.5 0.5 0.5 0.5 0.5 0.5 0.5 0.5 0.5 0.625 0.5 0.5 0.5 0.5 0.5 0.5 0.5
1.0;1.0 1.0 1.0 1.0 1.0 1.0 1.0 1.0 1.0 1.0 1.0 1.0 1.0 1.0 1.0 1.0 1.0
1.0;0.875 1.0 1.0 1.0 1.0 1.0 1.0 1.0 1.0 1.0 1.0 1.0 1.0 0.6
0.25;0.25 0.25 0.25 0.25 0.25 0.25 0.25 0.25 0.25 0.25 0.25 0.25 0.25 0.25 0.25 0.25 0.25 0.25 0.25 0.25 0.25
0.25;0.25 0.25 0.25 0.25 0.25 0.25 0.25 0.25 0.25
0.75;0.75 0.75 0.75 0.75 0.75 0.75 0.75 0.75 0.75 0.75 0.75 0.75 0.75 0.75 0.75 0.75 0.75 0.75 0.75 0.75
1.0;1.0 1.0 1.0 1.0 1.0 1.0 1.0 1.0 1.0 1.0
0.75;0.75 0.375 0.75 0.75 0.75 0.75 0.75 0.75 0.75 0.75 0.75 0.75 0.75 0.75 0.75 0.75 0.75 0.75 0.75 0.625 0.75 0.75
0.5;0.5 0.5 0.5 0.5 0.5 0.5 0.5 0.5 0.5 0.5
0.0;0.5 0.0 0.0 0.0 0.0 0.0 0.0 0.375 0.75 0.0 0.0 0.0 0.0 0.0 0.0
1.0;1.0 1.0 1.0 1.0 1.0 1.0 1.0 1.0 1.0 1.0 1.0 1.0 1.0 1.0 1.0 1.0 1.0 1.0 1.0 1.0 1.0 1.0 1.0
0.0;0.0 0.0 0.0 0.0 0.0 0.0
0.0;0.0 0.0
0.0;0.0 0.0 0.0 0.0 0.0 0.0
0.25;0.25 0.25 0.25 0.25 0.25 0.25 0.25 0.25 0.25 0.25 0.25 0.25 0.5 0.375 0.25 0.25 0.25 0.25 0.25 0.25 0.25 0.25 0.25 0.25 0.25 0.25
0.0;0.0 0.0 0.0 0.0 0.0 0.0 0.0 0.0 0.0 0.0 0.0 0.0
0.0;0.0 0.0 0.25 0.0 0.0 0.0 0.25 0.375 0.0 0.0
0.0;0.25 0.5 0.5454545454545454 0.4 0.16666666666666666 0.0 0.0 0.0 0.5 0.5 0.0 0.0 0.0 0.5
0.5;0.5 0.5 0.5 0.5 0.5 0.5 0.5 0.5 0.5 0.5 0.5 0.5 0.5 0.5 0.5
0.75;0.75 0.75 0.75 0.75 0.75 0.75 0.75 0.75 0.75 0.75 0.75 0.75 0.75 0.75 0.75 0.75 0.75 0.75 0.75 0.75 0.75 0.75 0.75
1.0;1.0 1.0 1.0 1.0 1.0 1.0 1.0 1.0 1.0 1.0 1.0
1.0;1.0 1.0 1.0 1.0 1.0 1.0 1.0 1.0 1.0 1.0 1.0 1.0
1.0;1.0 1.0 1.0 1.0 1.0 1.0 1.0
0.25;0.75 0.625 0.625 0.625 0.625 0.25 0.25 0.25 0.25 0.25 0.6
0.5;0.5 0.5 0.5 0.5 0.5 0.5 0.5833333333333334 0.5 0.5 0.5 0.5 0.5 0.5 0.5 0.5 0.5 0.75 0.75 0.5 0.625 0.625 0.5 0.5 0.5 0.5 0.5 0.5 0.5
0.75;0.625 0.75 0.75 0.75 0.75 0.375 0.375 0.75 0.75 0.75 0.75 0.75 0.75 0.75 0.875 0.75 0.75 0.75 0.75 0.75 0.75 0.75 0.75 0.75
0.25;0.25 0.25 0.25 0.25 0.25 0.25 0.25
1.0;1.0 1.0 1.0 1.0 1.0 1.0 1.0 1.0 1.0 1.0
1.0;1.0 1.0 1.0 1.0 1.0 1.0 1.0 1.0 1.0 1.0
0.0;0.0 0.0 0.0 0.0 0.0 0.0 0.0 0.0 0.0 0.0 0.0 0.0 0.0 0.0 0.0 0.0
0.25;0.25 0.25 0.25 0.25 0.25 0.25 0.25 0.25 0.25 0.25 0.25 0.25 0.25 0.25 0.25 0.25 0.25 0.25
0.75;0.75 0.75 0.75 0.75 0.75 0.75 0.75 0.75
0.25;0.625 0.25 0.25 0.25 0.25 0.25 0.25 0.25 0.25 0.25 0.25 0.25 0.25 0.25 0.25 0.25 0.25 0.25 0.25 0.25 0.25 0.25 0.25 0.25 0.25 0.25 0.25 0.25 0.25 0.25 0.25
0.5;0.5 0.5 0.5 0.5 0.5 0.5 0.5 0.5 0.5 0.5 0.5 0.5 0.5 0.5 0.625 0.5 0.5
0.0;0.25 0.25 0.0 0.0 0.0 0.0 0.0 0.0
0.75;0.75 0.75 0.75 0.75 0.75 0.75 0.75 0.75 0.75 0.75 0.375 0.75 0.75 0.75
1.0;1.0 0.65 0.75 1.0 1.0 1.0 1.0 1.0 1.0 1.0 1.0 1.0
0.25;0.25 0.25 0.25 0.25 0.25
0.75;0.75 0.75 0.75 0.75 0.875 0.75 0.75 0.75 0.75 0.75 0.75 0.75 0.75 0.75 0.75 0.75 0.75 0.75 0.75 0.75 0.75 0.75 0.75 0.75 0.75 0.75 0.75 0.75 0.75 0.75 0.75
0.5;0.5 0.5 0.5 0.5 0.5 0.5 0.5 0.375 0.5 0.5 0.5 0.5 0.5 0.5 0.5 0.5 0.5 0.5 0.5 0.5 0.25 0.5
1.0;1.0 1.0 1.0 1.0 1.0 1.0 1.0 1.0 1.0 1.0 1.0 1.0 1.0 1.0
0.0;0.0 0.0 0.0 0.0 0.0 0.0 0.0 0.0 0.0 0.0 0.0 0.0 0.0 0.0 0.0 0.0 0.0 0.0 0.0 0.0
1.0;1.0 0.875 1.0 1.0 1.0
1.0;0.875 1.0 1.0 1.0 1.0 1.0 1.0 1.0 0.5 1.0 1.0 1.0 1.0 1.0 1.0 1.0 1.0 1.0 1.0 1.0 1.0 1.0 1.0
0.0;0.0 0.0 0.0 0.0 0.0 0.0 0.0 0.0 0.0 0.0 0.0 0.0 0.0 0.0 0.0 0.0 0.0 0.0 0.0 0.0 0.0 0.0 0.0 0.0 0.0 0.0 0.0 0.0 0.0 0.0 0.0
0.0;0.0 0.0 0.375 0.0
0.25;0.25 0.25 0.25 0.25 0.25 0.25
0.75;0.75 0.75 0.75 0.75 0.75 0.75 0.75 0.75 0.75 0.75 0.75 0.75 0.75 0.75 0.75 0.75 0.75 0.75 0.75 0.75 0.75 0.75 0.75 0.75 0.75 0.75 0.75 0.75 0.75 0.75 0.75 0.75
0.75;0.75 0.75 0.75 0.75 0.75 0.75 0.5454545454545454 0.4 0.75
0.25;0.375 0.2 0.25 0.25 0.25 0.25 0.25 0.25 0.25 0.25 0.25 0.25 0.25 0.25 0.25 0.25 0.25 0.25 0.25
0.0;0.0 0.0 0.0 0.0 0.0 0.0 0.0 0.0 0.0 0.0 0.0 0.5 0.3333333333333333 0.5714285714285714 0.0 0.0 0.0 0.0 0.0 0.0 0.0 0.0 0.0 0.0 0.0
0.75;0.75 0.625 0.75 0.75 0.75 0.75 0.75 0.65 0.75
0.25;0.25 0.25 0.25 0.25 0.25 0.25 0.25 0.25 0.5 0.25 0.25 0.3333333333333333 0.375 0.25 0.375 0.25 0.25 0.25 0.25 0.25 0.25 0.25 0.25 0.25 0.25
0.5;0.5 0.5 0.5 0.375 0.375
1.0;1.0 1.0 1.0 1.0 1.0 1.0 1.0 1.0 1.0 1.0 1.0 1.0 1.0 1.0 1.0 1.0 1.0 1.0 1.0
1.0;1.0 0.625 1.0 1.0 1.0 1.0 1.0 1.0 1.0 1.0 1.0 1.0 1.0 1.0 1.0
0.75;0.75 0.75 0.75 0.75 0.75 0.75 0.75 0.75 0.75 0.75 0.75 0.75 0.75 0.75 0.75 0.75 0.75 0.75 0.75 0.75 0.75 0.75 0.75 0.75 0.75 0.75
0.0;0.375 0.25 0.3333333333333333 0.0 0.0 0.0 0.0 0.0 0.0 0.0 0.0 0.0
1.0;1.0 1.0 1.0 1.0 1.0 1.0 1.0 1.0 1.0 1.0 1.0 1.0 1.0
0.25;0.25 0.25 0.25 0.25 0.25 0.25 0.25 0.25 0.25 0.25 0.25 0.25 0.25 0.25 0.25 0.25 0.25 0.25 0.25 0.25
0.75;0.75 0.75 0.75 0.75 0.75 0.75 0.75 0.75 0.75 0.75 0.75
1.0;1.0 1.0 1.0 1.0 1.0 1.0 1.0 1.0 1.0
0.75;0.75 0.75 0.75 0.75 0.75 0.75 0.75 0.75 0.75 0.75 0.875 0.75 0.75 0.75 0.5833333333333334 0.75
0.75;0.75 0.75 0.75 0.75 0.75 0.75 0.75 0.75 0.75 0.75 0.75 0.75 0.75 0.75 0.875 0.75 0.75 0.75 0.75 0.75 0.75
0.5;0.5 0.5 0.5 0.5 0.5 0.5 0.5 0.5 0.5 0.5 0.5 0.5 0.5 0.5 0.5 0.5 0.5 0.5 0.5 0.5 0.5 0.5 0.5 0.5
0.0;0.0 0.5 0.0 0.0 0.0 0.0 0.0 0.0 0.0 0.0 0.0 0.0 0.0 0.0 0.0 0.0 0.0 0.0
0.0;0.0 0.0 0.0 0.0 0.0 0.0 0.0 0.0 0.0 0.0
0.0;0.0 0.0 0.0 0.0 0.0 0.0 0.0 0.0 0.0 0.0 0.0 0.0 0.0 0.0
1.0;1.0 1.0 0.875 1.0 1.0 1.0 1.0 1.0 1.0 1.0 1.0 1.0 1.0
0.0;0.375 0.375 0.0 0.0 0.6 0.0 0.0 0.0 0.0 0.0 0.0 0.0 0.0 0.0 0.0 0.0
0.5;0.5 0.5 0.5 0.5 0.5 0.5 0.5 0.5 0.5 0.5 0.5 0.5
0.25;0.25 0.25 0.25 0.25 0.25 0.25 0.25 0.25 0.25 0.25 0.25 0.25 0.25 0.25 0.25 0.25 0.25 0.25 0.25 0.25 0.25 0.25 0.25 0.25 0.25 0.25 0.5833333333333334 0.25 0.25 0.25 0.25
1.0;1.0 1.0 1.0 1.0 1.0 1.0 1.0 1.0 1.0 1.0 1.0 1.0 1.0 1.0
0.25;0.25 0.25 0.25 0.25 0.25 0.25 0.25 0.3333333333333333 0.3333333333333333 0.25
0.25;0.25 0.25 0.25 0.25 0.25 0.25 0.25 0.25 0.25 0.25 0.25 0.25 0.25 0.25 0.25 0.25 0.25 0.25 0.25 0.25 0.25
0.75;0.75 0.75 0.75 0.75 0.75 0.75 0.75 0.75 0.375 0.75 0.75 0.75 0.75 0.75 0.75 0.75 0.75 0.75 0.75
0.75;0.75 0.75 0.75 0.75 0.75 0.75 0.75 0.5454545454545454 0.4 0.75 0.75 0.75
0.0;0.0 0.0 0.0 0.0
0.0;0.0 0.0 0.0 0.0 0.0 0.0 0.0 0.0 0.0 0.0 0.0 0.0 0.0 0.0
0.0;0.0 0.0 0.0 0.0 0.0 0.25 0.0 0.0 0.0 0.3125 0.0 0.0 0.0
0.75;0.75 0.75 0.75 0.5833333333333334 0.75 0.75 0.75 0.75 0.75 0.75 0.75 0.75 0.75 0.75
0.5;0.4166666666666667 0.3333333333333333 0.5 0.5 0.5 0.5 0.5 0.5 0.5 0.5
0.0;0.5 0.0 0.375 0.0
0.75;0.75 0.75 0.75 0.75 0.75 0.75 0.75 0.75 0.75 0.75 0.75 0.75 0.75 0.75 0.75 0.75 0.75 0.75 0.75 0.75 0.75 0.75
0.25;0.25 0.25 0.25 0.25 0.25 0.25 0.25 0.25 0.25 0.25 0.25
0.5;0.5 0.5 0.5 0.5 0.5 0.5 0.5 0.5 0.5
0.5;0.5 0.5 0.5 0.5 0.5 0.5 0.5 0.5 0.5 0.5 0.5
1.0;1.0 1.0 1.0 1.0 1.0 1.0 1.0 0.5 1.0 1.0
0.75;0.75 0.75 0.75 0.75 0.75 0.75 0.75 0.75 0.75 0.75 0.75
0.5;0.5 0.5 0.5 0.5 0.5 0.5 0.5 0.5 0.5 0.5 0.5 0.5
1.0;0.5 1.0 1.0 1.0 1.0 1.0 1.0 1.0 1.0 1.0 1.0 1.0 1.0 1.0 1.0 1.0 1.0 1.0 1.0
1.0;1.0 1.0 1.0 1.0 1.0 1.0 1.0 1.0 1.0
0.75;0.75 0.75 0.75 0.75 0.75 0.75 0.75 0.75 0.75 0.75 0.75 0.75 0.75 0.75 0.75 0.75 0.75 0.75 0.75 0.75 0.75
0.5;0.5 0.5 0.5 0.5 0.5 0.5 0.5 0.5 0.5 0.5 0.5
0.0;0.0 0.0 0.0 0.0 0.0 0.0 0.125 0.0 0.0 0.0 0.0 0.0
0.75;0.75 0.75 0.75 0.75 0.75 0.75
0.5;0.4 0.16666666666666666 0.5 0.5 0.625 0.5 0.5 0.5 0.5 0.5 0.5 0.5 0.5 0.5 0.5 0.5 0.5 0.5 0.5 0.5 0.5 0.5
0.25;0.25 0.25 0.25 0.25 0.25 0.25 0.25 0.25 0.25 0.25 0.25 0.25 0.25 0.25 0.25 0.25 0.25 0.25 0.25 0.25
0.5;0.5 0.5 0.5 0.5 0.5 0.5 0.5 0.5
0.25;0.25 0.25 0.25 0.25 0.25 0.25 0.25 0.25 0.25 0.25 0.25 0.25 0.25 0.25 0.25 0.25 0.25 0.25
0.0;0.0 0.0 0.0 0.0 0.0 0.0
0.0;0.0 0.0 0.0 0.0 0.0 0.0 0.0
0.0;0.0 0.0 0.0 0.0 0.0 0.0 0.0 0.0 0.0 0.0
0.5;0.5 0.5 0.5 0.5 0.5 0.5 0.5 0.5 0.5 0.5 0.5 0.5 0.5 0.5
0.0;0.0 0.0 0.0 0.0 0.0
1.0;1.0 1.0 1.0 1.0 1.0 1.0 1.0 1.0 1.0
0.0;0.0 0.0 0.0 0.0 0.0 0.0 0.0 0.0 0.0 0.0 0.0 0.0 0.0 0.0
0.5;0.5 0.5 0.5 0.5 0.5 0.5
0.0;0.0 0.0 0.0 0.0 0.0 0.0 0.0 0.0 0.0 0.0 0.0 0.0 0.0 0.0 0.0 0.4166666666666667 0.0 0.0 0.0 0.0 0.0 0.0 0.0 0.0 0.0 0.0 0.0 0.0 0.0 0.0 0.0 0.0
0.0;0.0 0.0 0.0 0.0 0.0 0.0 0.0 0.0 0.0 0.0 0.0
0.0;0.0 0.0 0.0 0.0 0.0 0.0 0.0 0.0 0.0 0.0 0.0
0.5;0.5 0.5 0.34375 0.4 0.5 0.5 0.5 0.5 0.5 0.5 0.5 0.5 0.5 0.5 0.5 0.5 0.5 0.5 0.5 0.5 0.5 0.5
0.0;0.0 0.2727272727272727 0.0 0.0 0.0 0.0 0.0 0.0 0.0 0.0 0.0 0.0 0.0 0.0 0.0 0.0 0.0 0.0 0.0 0.0 0.0
0.75;0.75 0.75 0.5 0.625 0.75 0.75 0.75 0.75 0.75 0.375 0.75 0.75 0.75 0.75 0.75 0.75 0.75 0.75 0.625 0.75 0.75 0.75 0.75 0.75 0.75 0.75 0.75 0.375 0.75 0.75
1.0;1.0 1.0 1.0 0.5 0.5 0.75 1.0 1.0 1.0 0.75 1.0 1.0 1.0 0.875
0.5;0.5 0.5 0.5 0.5 0.5 0.5 0.5 0.5 0.5 0.5 0.5 0.5 0.5 0.5 0.5 0.5 0.5 0.5 0.5 0.5 0.5 0.5 0.5 0.5
0.0;0.0 0.0 0.0 0.0 0.0 0.0 0.0 0.0 0.0 0.0 0.0 0.0 0.0 0.0 0.0 0.0 0.0 0.0 0.0 0.0 0.0 0.0 0.0 0.0 0.0 0.0 0.0
0.0;0.0 0.0 0.0 0.0 0.0 0.0 0.0 0.0 0.0 0.0 0.0 0.0
1.0;1.0 1.0 1.0 1.0 1.0 1.0 1.0 1.0 1.0 1.0
0.75;0.75 0.75 0.75 0.75 0.75 0.75 0.75 0.75 0.75 0.75 0.75 0.75 0.75 0.75 0.75 0.75 0.75 0.75 0.75 0.6
0.75;0.75 0.75 0.75 0.75 0.75 0.75 0.75 0.75 0.75 0.75 0.75 0.75 0.75 0.75 0.75 0.75 0.75
0.25;0.25 0.25 0.25 0.25 0.25 0.25 0.25 0.25 0.25 0.25 0.25 0.25 0.25 0.25 0.25 0.25 0.25 0.5 0.25 0.25 0.25 0.25 0.25 0.25 0.25 0.25 0.25 0.25 0.25 0.25 0.25 0.25 0.25 0.25 0.25
0.0;0.0 0.0 0.0 0.0 0.25 0.0 0.0 0.0 0.0 0.0 0.0 0.0 0.0 0.0 0.0 0.0 0.0 0.0 0.0 0.0 0.375 0.0 0.0 0.0 0.0 0.0
0.5;0.375 0.6666666666666666 0.625 0.5 0.5 0.5 0.5 0.5 0.5 0.5 0.5 0.5 0.5 0.5 0.5 0.5 0.5
0.25;0.625 0.25 0.25 0.25 0.25 0.25 0.25 0.25 0.25 0.25 0.25 0.25 0.25 0.25 0.25 0.25 0.25
0.0;0.0 0.0 0.0 0.0 0.0 0.0 0.0 0.0 0.0 0.0 0.0
0.0;0.0 0.0 0.0 0.0 0.0 0.0 0.0 0.0 0.0 0.0 0.0 0.0 0.0 0.0 0.375 0.0 0.0 0.0 0.375 0.0 0.0
0.0;0.0 0.0 0.0 0.0 0.0 0.0 0.0 0.0 0.0
0.75;0.375 0.75 0.75 0.75 0.75 0.75 0.75 0.625 0.75 0.75 0.75 0.75 0.75 0.75 0.75 0.75 0.75 0.75
0.75;0.875 0.75 0.875 0.75 0.75 0.75 0.75 0.75 0.75 0.75 0.75 0.75 0.75 0.75 0.75 0.75 0.75 0.75 0.75 0.75 0.75 0.75
0.5;0.375 0.2 0.5 0.5 0.5 0.5 0.5 0.5 0.5 0.5 0.5 0.5 0.5 0.5 0.5 0.5 0.5 0.5 0.5 0.5 0.5 0.25 0.5 0.5 0.625 0.5
0.0;0.0 0.0 0.0 0.0 0.0 0.0 0.0 0.0 0.0 0.0 0.0 0.0 0.0 0.0 0.0 0.0 0.0 0.0
0.75;0.75 0.75 0.75 0.75 0.75 0.75 0.75 0.75 0.75 0.75 0.75
0.0;0.0 0.0 0.0 0.0 0.0 0.0 0.4375 0.0 0.0 0.0 0.0 0.0 0.0 0.0 0.0 0.0 0.4375 0.0 0.0 0.0 0.0 0.0 0.0 0.0 0.0 0.0 0.0
0.5;0.5 0.5 0.5 0.5 0.5 0.5 0.5 0.5 0.5 0.5 0.5 0.5 0.5 0.5 0.5 0.5 0.5 0.5 0.5 0.5 0.5 0.5 0.5 0.5 0.5 0.5 0.5 0.5 0.5
0.25;0.25 0.25 0.25 0.25 0.25 0.25 0.25 0.25 0.25 0.25 0.25
0.0;0.0 0.0 0.0 0.0 0.0 0.0 0.0 0.0 0.0 0.0
0.0;0.25 0.3 0.2727272727272727 0.0 0.0 0.0 0.0 0.0 0.0 0.0 0.0 0.0 0.0 0.0 0.0
0.0;0.0 0.0 0.0 0.0 0.0 0.0 0.0 0.0 0.0 0.0 0.0
0.75;0.75 0.75 0.75 0.75 0.75 0.75 0.5 0.75 0.75 0.75 0.75 0.75 0.75 0.75 0.75 0.75 0.75 0.75 0.75
0.0;0.0 0.0 0.0 0.0 0.0 0.0 0.0 0.0 0.0 0.0 0.0 0.0 0.0 0.0
1.0;1.0 1.0 1.0 1.0 0.5 0.75 0.625 0.625 0.875 1.0 1.0 1.0
0.0;0.0 0.0 0.0 0.0 0.0
0.5;0.5 0.5 0.5 0.5 0.5 0.5 0.5 0.5 0.5
0.75;0.75 0.75 0.75 0.75 0.75 0.75 0.75 0.75 0.75 0.75 0.75 0.75 0.75 0.75 0.75 0.75
0.25;0.25 0.3 0.2727272727272727 0.25 0.25 0.25 0.25 0.25 0.25
0.0;0.0 0.0 0.0 0.0 0.0 0.0 0.0 0.0 0.0 0.0 0.0 0.0 0.0 0.0 0.0 0.0 0.0 0.0 0.0
0.0;0.5 0.0 0.0 0.0 0.0 0.0 0.0 0.0 0.0 0.0 0.0 0.0 0.0 0.0 0.0 0.0 0.0 0.0 0.0 0.0 0.0 0.125 0.0 0.0 0.0
0.75;0.75 0.75 0.75 0.75 0.75 0.75 0.75 0.75
1.0;0.5 1.0 1.0
0.75;0.5833333333333334 0.75 0.75 0.75 0.75 0.75 0.75 0.75 0.75 0.75 0.75 0.75 0.75 0.75 0.75 0.75 0.75 0.75
0.75;0.75 0.75 0.75 0.75 0.75 0.75 0.75 0.75 0.75 0.75 0.75
0.25;0.25 0.25 0.25 0.25 0.25 0.25 0.25 0.25 0.25 0.25 0.25 0.125 0.25 0.25 0.25 0.25 0.25 0.25 0.25 0.25 0.25 0.25 0.25 0.125 0.25
0.25;0.25 0.3333333333333333 0.3333333333333333 0.25 0.25 0.25 0.25 0.25 0.25 0.25 0.25 0.25 0.25 0.25 0.25 0.25 0.25 0.25 0.25 0.25 0.25 0.25 0.25 0.25 0.25 0.25
0.0;0.0 0.0 0.0 0.0 0.0 0.07142857142857142 0.0 0.0 0.0 0.0 0.0 0.0 0.0 0.0 0.0 0.0
0.75;0.75 0.75 0.75 0.75 0.75 0.75 0.75 0.75
0.5;0.25 0.3 0.2727272727272727 0.625 0.5 0.5 0.5 0.5 0.25
0.0;0.0 0.0 0.0 0.0 0.0 0.0 0.0 0.0 0.0 0.0 0.0 0.0 0.0 0.0 0.0 0.0 0.0 0.0
0.0;0.0 0.0 0.0 0.0 0.0 0.0 0.0
0.25;0.25 0.25 0.25 0.25 0.25 0.25
0.5;0.5 0.5 0.5 0.5 0.5 0.5 0.5 0.5 0.5 0.5 0.5 0.5 0.5 0.75 0.5 0.5 0.5 0.5 0.5
0.0;0.0 0.0 0.0 0.0 0.0 0.0 0.0 0.0 0.0 0.3125 0.0 0.0 0.0 0.0 0.0 0.0 0.0 0.0 0.0 0.0
0.0;0.125 0.125 0.125 0.0 0.0 0.0 0.0 0.0 0.0 0.0 0.0 0.0 0.0 0.0 0.0 0.0 0.0 0.0 0.0
0.25;0.25 0.25 0.25 0.25 0.25 0.25 0.25 0.25 0.25 0.25 0.25 0.25 0.25 0.25 0.25 0.25 0.25 0.25 0.25 0.25
0.0;0.0 0.0 0.0 0.0 0.0 0.0 0.0 0.0 0.0 0.0 0.0 0.0 0.0 0.0 0.0 0.0 0.0 0.5833333333333334 0.0 0.0 0.0 0.0 0.0 0.0 0.0 0.5 0.0 0.0 0.0 0.0 0.0 0.0 0.0 0.0 0.0 0.0 0.0 0.0 0.0 0.0 0.0
0.0;0.0 0.5 0.0 0.0 0.0 0.0 0.0 0.0 0.0 0.0 0.0 0.0 0.0 0.0 0.0 0.0 0.0 0.0 0.0 0.0 0.0 0.0 0.0
0.0;0.4375 0.0 0.0 0.0 0.0 0.0 0.0
0.25;0.25 0.25 0.25 0.25 0.25 0.25 0.25 0.25 0.25 0.25 0.25
0.5;0.5 0.5 0.25 0.5 0.5 0.5 0.5 0.5 0.5 0.5 0.5 0.5 0.5 0.5 0.5 0.5
0.25;0.25 0.25 0.25 0.25 0.25 0.25 0.125
1.0;1.0 1.0 1.0 1.0 1.0 0.5 1.0 1.0 1.0 1.0 1.0 1.0 1.0 1.0 1.0 1.0 1.0 1.0 1.0 1.0 1.0 1.0 1.0
0.0;0.0 0.0 0.0 0.0 0.0 0.0 0.0 0.0 0.0 0.0 0.0 0.0 0.0 0.0 0.0 0.0 0.0 0.0 0.0 0.0 0.0 0.0 0.0 0.0 0.0 0.0 0.5 0.0 0.0 0.0 0.0
0.75;0.75 0.75 0.75 0.75 0.75 0.75 0.75
0.0;0.0 0.0 0.0 0.0 0.0 0.0 0.0 0.0 0.0
0.0;0.0 0.0 0.0 0.0 0.0 0.0 0.0 0.0 0.0 0.0 0.0 0.0 0.0 0.0 0.0 0.0 0.0 0.0 0.0
0.0;0.0 0.0 0.0 0.0 0.0 0.25 0.0 0.0
1.0;1.0 1.0 1.0 1.0 1.0 1.0 1.0 1.0 1.0 1.0 1.0 1.0
0.0;0.0 0.0 0.0 0.0 0.0 0.0 0.0 0.0 0.0 0.0 0.0 0.0 0.0 0.0 0.0
1.0;1.0 1.0 1.0 1.0 1.0 1.0 1.0 1.0 1.0 1.0 1.0 1.0 1.0 1.0 1.0 1.0
0.75;0.75 0.75 0.75 0.75 0.75 0.75 0.75 0.75 0.75 0.75 0.75 0.75 0.75 0.75 0.75 0.75 0.75 0.75 0.75 0.75
0.0;0.0 0.0 0.0 0.0 0.0 0.0 0.0 0.0 0.0 0.0
0.0;0.0 0.0 0.0 0.0 0.0 0.0 0.0 0.0 0.0 0.125 0.0 0.0 0.0 0.0 0.0 0.0 0.0
0.75;0.75 0.75 0.75 0.75 0.75 0.75 0.75 0.75 0.75 0.75 0.75 0.75 0.75
0.5;0.375 0.5 0.5 0.5 0.5 0.5 0.5 0.5 0.25 0.25
0.0;0.0 0.0 0.0 0.0 0.65 0.25 0.0
0.25;0.25 0.25 0.25 0.25 0.25 0.25 0.25 0.25 0.25 0.25 0.25 0.25
0.25;0.25 0.25 0.25 0.25 0.25 0.25 0.25 0.25 0.25 0.25 0.25 0.25 0.25 0.25 0.25 0.25
0.5;0.5 0.5 0.5 0.5 0.5 0.5 0.5
0.5;0.5 0.5 0.5 0.5 0.5 0.5 0.5 0.5 0.5 0.5 0.5 0.5 0.5 0.5 0.5 0.5 0.5 0.75 0.5 0.5 0.5 0.5 0.5 0.5 0.5
0.5;0.5 0.5 0.5 0.5
1.0;1.0 1.0 1.0 1.0 1.0 1.0 1.0 1.0 1.0 1.0 1.0 1.0 1.0 1.0 1.0 1.0 0.625 1.0 1.0 1.0 1.0
0.5;0.5 0.5 0.5 0.5 0.5 0.5 0.34375 0.4 0.5 0.5 0.5 0.5 0.5 0.5 0.5 0.5 0.5 0.5 0.5 0.5 0.5 0.625 0.65 0.25 0.5
0.5;0.5 0.5 0.5 0.5 0.5 0.5 0.5 0.5 0.5 0.5 0.5 0.5 0.5 0.5 0.5 0.5 0.5 0.5 0.5 0.5
0.75;0.75 0.75 0.75 0.75 0.625 0.75 0.75 0.875 0.75 0.75 0.75
0.75;0.875 0.75 0.75 0.875 0.5833333333333334 0.875 0.75 0.75 0.75 0.75
0.0;0.0 0.0 0.0 0.0 0.0 0.0 0.0 0.0 0.0 0.0 0.0 0.0 0.0 0.0 0.0 0.0
0.0;0.375 0.0 0.0 0.0 0.0 0.0 0.0 0.3125 0.0
1.0;1.0 1.0 1.0 1.0 1.0 1.0 1.0 1.0 1.0 1.0 1.0 1.0 1.0 1.0 1.0 1.0 1.0 1.0 1.0 1.0 1.0
0.25;0.25 0.25 0.25 0.25 0.25 0.25 0.25 0.25 0.25 0.25 0.25 0.25 0.25 0.25 0.25 0.25 0.25 0.25 0.25 0.25 0.25 0.25 0.25 0.25 0.25 0.25 0.25 0.4 0.25 0.25
0.75;0.75 0.75 0.75 0.75 0.75 0.75 0.75 0.75 0.75 0.75
0.75;0.75 0.75 0.75 0.75 0.75 0.75 0.75 0.75 0.75 0.75 0.75 0.75 0.75 0.75 0.75 0.75 0.75 0.75
0.0;0.0 0.0 0.0 0.0 0.0 0.0 0.0 0.0 0.0 0.0 0.0 0.0 0.0 0.0 0.0 0.0 0.0 0.0 0.0 0.0 0.0 0.0
0.25;0.25 0.25 0.25 0.25 0.25 0.25 0.25 0.25 0.25 0.25 0.25 0.25 0.25 0.25 0.625 0.25
0.5;0.5 0.5 0.5 0.5 0.5 0.5 0.5 0.5 0.5 0.5 0.5 0.5 0.5 0.5 0.5 0.5 0.5 0.5 0.5 0.5 0.5
0.0;0.0 0.0 0.0 0.0 0.0 0.0 0.0 0.0 0.0 0.0 0.0 0.0 0.0 0.0 0.0 0.0 0.0 0.0 0.0 0.0 0.0 0.0
0.0;0.0 0.0 0.0 0.25 0.25 0.0 0.0 0.0 0.0 0.0 0.0 0.0 0.0 0.0 0.0 0.125 0.0 0.0 0.0 0.0 0.0 0.0 0.0 0.0
0.0;0.0 0.0 0.0 0.375 0.0 0.0 0.0 0.0 0.0 0.25 0.0 0.0 0.0 0.0 0.0 0.0 0.0
0.5;0.4 0.5 0.5 0.5 0.5 0.5 0.5 0.5 0.5 0.5 0.5 0.5 0.5 0.5 0.5 0.5 0.5
0.0;0.0 0.0 0.0 0.16666666666666666 0.34375 0.4 0.0 0.0 0.0 0.375 0.0 0.0 0.0 0.0 0.0 0.0 0.0 0.0 0.0 0.0
1.0;1.0 1.0 1.0 1.0 1.0 0.75 0.625 1.0 1.0
0.5;0.5 0.5 0.5 0.5 0.5 0.5 0.5 0.5 0.5 0.5 0.5 0.5
0.0;0.0 0.0 0.0 0.0 0.0 0.0 0.0 0.0 0.0 0.0 0.0 0.0 0.0 0.0 0.0 0.0 0.0 0.0 0.0 0.0 0.0
0.0;0.0 0.0 0.0 0.0 0.0 0.0 0.0 0.0 0.0 0.0 0.0 0.0 0.0 0.0 0.0 0.0 0.0 0.0 0.0 0.0 0.0
0.0;0.0 0.0 0.0 0.0 0.0 0.125 0.125 0.125 0.0
0.25;0.25 0.25 0.25 0.25 0.25 0.25 0.25 0.25 0.25 0.25 0.25 0.25 0.25 0.25 0.25 0.25 0.25 0.375 0.375 0.375 0.25 0.25 0.25
0.75;0.75 0.75 0.75 0.75 0.75 0.75 0.75 0.75 0.75 0.75 0.75 0.75 0.75 0.75 0.75 0.3125 0.75 0.75 0.75 0.75 0.75 0.75 0.75 0.75 0.75 0.75 0.75 0.875 0.5 0.75 0.75 0.75 0.75 0.75 0.75 0.75
0.5;0.5 0.5 0.5 0.5
0.25;0.2727272727272727 0.25 0.25 0.25 0.25 0.25 0.25 0.25 0.25 0.25 0.25 0.25 0.25 0.25 0.25 0.25 0.25 0.25 0.25 0.25 0.25 0.25 0.25 0.25 0.25 0.25 0.25 0.25 0.25 0.25 0.25 0.25 0.25 0.25 0.25 0.25 0.25 0.25 0.25 0.25 0.25 0.25 0.25
